0 -2 -3 -1 -4 -3 -2 -3 -4 -3 1 2 -3 9 -1 -4 -3 -2 -3 -2 -1 
1 -3 -3 -1 -5 -4 -2 -2 -5 -1 0 -1 1 9 -3 -3 -3 -1 -4 -2 -1 
2 -2 1 -1 -3 -3 0 -2 -4 -1 2 0 4 5 -3 -3 -1 1 -4 -1 -1 
3 -1 2 1 -1 -3 0 -1 -3 0 -2 -1 4 -2 -3 -1 0 3 -4 -3 -2 
4 -2 -1 -2 -4 -3 0 -3 -4 -3 1 3 -2 5 1 -2 -2 1 -3 1 0 
5 -2 3 1 -2 -3 0 -1 -3 1 0 -1 4 2 -1 -3 1 -1 -3 -2 -2 
6 -1 1 0 -2 -2 0 -1 -3 0 -2 -1 5 -2 -2 -1 0 2 0 -3 -1 
7 0 -1 -2 -3 -2 -1 -3 -3 -3 1 3 -1 0 -1 -3 2 0 0 -2 0 
8 0 -2 -3 -3 -1 -2 -1 1 -3 0 0 -1 0 -3 4 0 0 -4 -3 1 
9 0 -2 -4 -4 -2 -3 -4 -2 -4 4 3 -2 0 -2 0 -1 -1 -1 -3 2 
10 5 -2 -3 -3 0 -2 -3 0 -3 -1 0 -2 -1 -2 0 0 0 -4 -3 -1 
11 3 -3 -3 -3 2 -2 -2 -2 -3 1 1 -2 1 -1 -2 0 0 -3 -2 1 
12 5 -3 -3 -4 -1 -3 -2 -1 -4 -1 0 -3 1 -3 -1 0 0 -4 -4 0 
13 0 -3 -4 -4 0 -1 -3 -2 -4 2 2 -3 0 -1 -2 -1 -1 -4 -3 4 
14 4 -2 -2 -3 -1 -2 -2 0 -3 -1 0 -2 0 -1 -2 1 1 -3 -2 0 
15 4 -3 -2 -2 3 -2 -2 0 -3 -1 0 -2 0 0 -2 1 1 1 -2 -1 
16 3 -3 -2 -3 -1 -2 -3 1 -3 0 1 -2 0 -1 -2 2 2 -3 -2 0 
17 1 -3 -4 -4 1 -2 -2 -1 -4 1 4 -2 2 0 -4 -1 -1 -3 -3 1 
18 2 -3 -3 -4 1 -3 -3 -3 -3 0 2 -3 3 1 -3 0 1 -3 -1 1 
19 3 -3 -2 -2 -3 -2 -3 -2 -3 -3 -4 -2 -3 -4 3 4 0 -5 -4 -2 
20 1 -2 -1 -1 -2 0 -2 2 -2 -1 0 -1 1 0 0 0 1 -3 -1 -1 
21 2 -2 0 -1 -1 2 -1 0 -2 -2 -2 -1 -2 -3 2 3 0 0 -1 -2 
22 4 -2 -3 -3 -2 -3 -3 -1 -3 -2 -1 -3 0 -1 -1 1 0 -4 -3 2 
23 0 -3 -1 0 -2 1 -1 -2 -1 -1 1 -2 3 4 -3 0 -1 -2 0 -1 
24 5 -4 -3 -3 -3 -3 0 3 -4 -3 -4 -3 -3 -3 -2 -1 -1 -5 -4 -2 
25 -2 -4 -4 -2 -3 -3 0 -5 -1 2 2 -4 -1 4 -4 -3 -2 -1 -1 4 
26 -2 -2 -1 5 -5 1 4 -3 -3 -4 -5 -1 -5 -6 -4 1 0 -6 -5 -2 
27 -5 -6 -6 -7 -6 -6 -6 -7 -4 -1 0 -6 0 8 -7 -6 -2 1 4 -1 
28 -2 -3 4 -2 -5 -2 -3 0 8 -5 -6 -2 -3 -1 -5 2 1 -5 -1 -5 
29 -2 -6 -4 -5 -6 -6 -6 7 -6 -7 -7 -5 -2 -7 -4 -4 -1 -1 -7 -4 
30 -6 -6 -6 -7 -7 -6 -6 -7 -3 -6 -5 -6 -3 0 -7 -6 -2 -2 10 -6 
31 3 -3 -4 -5 -4 -4 -4 1 -4 0 2 -4 4 4 -4 -1 -3 -3 1 -1 
32 -5 8 -4 -6 -7 -3 -4 -6 -2 -7 -6 -1 2 -7 -6 -1 -5 -7 -6 -5 
33 2 -4 -3 -3 -4 -3 -3 0 -1 0 -2 -3 2 -4 -3 5 0 -1 2 -1 
34 -2 -5 1 -4 -6 -3 -4 7 -5 -6 -4 -5 -6 -6 -5 -4 -5 -6 -6 -6 
35 2 -4 -3 -4 -3 -3 -4 -1 -4 2 1 -3 1 1 -1 -1 -1 5 0 2 
36 0 0 -2 0 -4 -3 -4 5 1 -2 1 -3 -2 -4 -4 -1 -2 -4 -2 -1 
37 0 -3 -3 -3 -3 -2 -3 0 -3 1 0 -3 2 3 -4 0 2 5 2 1 
38 0 -3 4 -1 -4 1 -2 0 -2 -4 -4 -1 -4 -5 -3 4 2 -5 -4 -1 
39 0 -1 1 2 -3 0 0 2 -1 -3 -3 -1 -1 -4 1 2 0 -4 -4 -2 
40 -1 0 2 3 -4 0 1 2 3 -4 -4 -1 -3 -4 -3 2 -1 -4 -2 -3 
41 0 -3 -1 0 -4 -2 -1 5 0 -2 -1 -1 -2 -4 -3 0 0 -4 -2 -3 
42 0 -2 2 0 -4 -2 -2 5 -1 -4 -4 -2 -4 -1 -4 2 0 -4 -4 -4 
43 0 1 0 1 -3 1 1 -1 -1 -1 -2 0 0 -3 2 1 1 -4 -3 -1 
44 -1 2 0 -1 -5 6 0 -1 -3 -4 -3 3 1 -2 0 -2 -2 0 -4 -1 
45 1 1 1 -1 -3 1 0 2 -2 -3 -3 1 -2 -3 1 2 1 -4 -2 -1 
46 -1 -3 -1 1 7 -1 -2 2 -2 -3 -3 -1 -3 -1 -2 0 -2 4 3 -2 
47 -2 -3 -1 -3 -3 -1 -3 -4 -2 0 0 -3 -1 5 3 -3 -3 1 4 1 
48 -1 0 2 -1 -3 3 0 1 -1 -2 -3 2 -2 -2 -1 1 0 -3 2 -2 
49 1 -2 0 -2 -2 0 -2 -2 -2 0 3 0 1 -2 -3 -1 1 -3 0 1 
50 1 -2 2 0 -3 -1 -1 1 -2 -3 -2 -1 0 -3 3 0 2 -2 -1 -2 
51 1 -3 -1 -2 -4 -3 -4 5 -4 -3 -3 0 -4 -5 3 -1 -2 -5 -3 -3 
52 4 -1 -1 0 -3 1 0 1 -2 0 -3 -2 -1 -3 -2 -1 1 -4 -3 -1 
53 0 -1 -1 -1 -3 1 -2 5 1 -4 -2 -2 -2 -1 1 0 -1 -1 -1 -3 
54 2 -2 -1 -2 -3 0 -1 1 0 -2 -2 0 -2 -3 -1 4 0 -1 -2 -2 
55 -1 -1 -1 -2 -3 -1 -2 -1 -2 0 1 4 1 -2 -3 -2 -1 -3 -2 1 
56 -2 -3 -2 -3 -4 -3 -3 5 -2 -4 -3 -3 -3 2 -2 0 -3 2 6 -3 
57 -4 8 -3 -1 -5 -2 -3 -4 -3 -5 -4 -1 -4 -5 -4 -3 -4 -5 -4 -5 
58 -4 -4 -5 -5 -4 -4 -5 -5 -4 -1 6 -5 0 2 -5 -4 -4 0 -1 -2 
59 -2 -5 -4 -5 -5 -5 -5 7 -5 -6 -6 -5 -6 -6 -3 -4 -1 -6 -6 -6 
60 -4 -4 8 -1 -6 -3 -4 -1 -3 -3 -3 -4 -3 -6 -5 -3 -4 -6 -4 -3 
61 -2 -1 -4 -1 -7 1 7 -5 -4 -6 -6 -3 -5 -6 -5 -2 -3 -6 -5 -6 
62 0 -3 0 0 7 -2 -1 1 0 -3 -2 -2 1 -1 0 0 -1 -3 2 -2 
63 -3 -1 2 6 -5 -1 4 -1 -1 -5 -5 -3 -4 -5 -4 0 -1 -5 -4 -5 
64 -1 -3 2 1 -3 1 -2 1 -2 -2 -2 -2 -3 -2 -3 0 5 -4 0 -2 
65 -3 -4 -2 -3 -4 -4 -4 -2 0 -4 -3 -1 -3 1 -4 -2 -3 7 8 -4 
66 2 -4 -3 -4 -3 -3 -4 2 -4 1 0 -3 1 2 -4 -1 -1 1 0 2 
67 -3 -2 -1 3 -7 -1 7 -4 -4 -6 -6 -3 -5 -6 -5 -2 -3 -6 -5 -6 
68 0 -5 -6 -6 -4 -5 -5 -4 -5 2 4 -5 1 4 -2 -4 -3 -4 -2 1 
69 0 0 1 0 -3 3 0 1 -2 0 -2 1 -1 -1 -3 0 1 -4 -3 -1 
70 -3 -5 -5 -5 -4 -5 -5 -5 -5 2 5 -5 0 4 -1 -4 -4 0 -2 0 
71 0 1 1 0 -3 -1 0 3 0 -3 -3 2 -2 -4 -3 1 1 -4 -2 -2 
72 -1 -1 1 -1 -5 5 0 -2 3 -4 -3 3 -3 -5 0 -1 -3 -5 0 -2 
73 -1 2 1 1 -4 1 3 0 0 -3 -3 2 -3 -4 -3 0 0 -4 -3 -2 
74 -1 -2 -2 -4 -3 0 -3 -4 -3 1 3 -3 0 2 -4 -2 -1 4 -1 4 
75 -2 -2 -2 -1 -4 1 -1 -3 -1 -2 -1 1 -1 3 -2 -3 1 7 5 -1 
76 0 1 2 1 -3 1 0 -1 -1 -3 -1 2 -1 0 -2 1 0 -3 -1 -2 
77 -1 -2 2 5 -4 1 3 -1 -3 -4 -4 1 -4 -4 0 0 -1 -5 -4 -3 
78 -2 -3 2 2 -5 -1 0 5 -4 -5 -5 -1 -5 -1 -2 0 -2 -5 -1 -5 
79 1 -3 0 3 -3 0 0 3 -3 -1 -3 -1 -1 -2 -3 2 -1 -4 -3 0 
80 0 1 -1 -2 -4 0 -2 -3 0 -2 -3 4 -2 -2 -3 -1 2 4 -1 1 
81 1 0 0 -2 -3 0 -2 -1 -3 0 0 0 -1 0 -1 2 2 3 -2 0 
82 1 -1 -1 0 -2 -2 -2 -1 0 1 -1 -1 -1 4 -2 0 -2 4 2 0 
83 -1 1 0 1 -3 -2 -2 0 0 0 -1 0 -1 0 -3 -1 -1 -1 5 0 
84 0 -3 1 -1 -3 -2 -1 -2 0 0 0 -2 1 4 -3 -2 0 2 2 1 
85 -2 -1 0 3 -3 1 -1 1 1 -1 -2 0 -2 -1 -3 -2 0 -1 1 1 
86 0 -1 0 -3 -3 -2 -2 -1 -3 0 -1 -3 5 0 -4 1 2 -4 -3 2 
87 0 0 3 -3 -4 0 -3 -1 -3 -2 -1 -1 6 -3 0 0 1 -2 -4 0 
88 -1 -3 -4 -4 -3 -1 -3 -3 -3 2 3 -3 2 2 -2 0 -1 -3 1 3 
89 3 -3 0 2 -3 -2 -2 0 -1 -1 0 -1 2 0 -3 0 -1 -4 0 -1 
90 -1 -3 -3 2 -4 -2 -2 0 1 -2 -2 -2 2 2 -4 -2 -2 5 6 -3 
91 -1 -2 4 1 -3 1 -2 2 -2 -3 -3 -1 -2 -3 -3 3 0 1 -2 -1 
92 0 -2 0 1 -3 1 -1 0 0 -1 -2 -1 -1 -1 -1 2 1 -3 -1 2 
93 0 0 2 2 -2 0 1 2 -2 -3 -3 0 -2 -3 -1 1 0 -1 -2 -2 
94 -1 -1 1 0 1 3 -1 3 2 -3 -3 -1 -2 -2 -2 1 1 -2 2 -2 
95 0 -1 1 1 -2 2 0 -1 -1 -3 -2 0 -1 -1 0 2 1 -2 1 -2 
96 -1 -1 5 2 -3 1 -1 0 -2 -3 -1 -1 -2 1 0 0 -1 -1 -2 -2 
97 0 -1 1 4 -3 -1 0 1 1 -3 -3 1 -1 -4 0 1 0 -4 -3 -3 
98 -2 -3 0 0 -4 -3 -4 -3 -4 -2 -2 -3 -3 3 -2 -1 -2 10 2 -1 
99 -1 -2 2 0 -3 0 2 1 0 -3 -3 -1 -2 2 -2 1 2 -3 -2 -2 
100 2 -2 0 2 1 -1 0 3 -2 -2 -3 -2 -2 -2 -1 1 0 -3 -2 -2 
101 -1 0 0 3 -3 -1 1 -1 -2 -2 -2 0 0 -1 -1 1 3 -3 -1 -1 
102 0 0 1 2 -3 1 1 0 -1 -1 -2 1 -1 -1 -2 1 1 0 1 -1 
103 0 -2 -1 -2 -3 -2 -2 -2 -2 1 1 -2 1 3 1 1 0 0 0 1 
104 2 1 3 -1 -4 2 1 0 -1 -3 -2 -1 -2 -4 -3 1 -2 -4 -2 -3 
105 -2 -3 -3 -5 -3 -4 -4 -5 -4 2 3 -4 2 5 -5 -3 0 0 0 3 
106 0 5 -1 -2 -4 0 0 -3 -3 -3 -4 2 -4 -5 2 2 -1 -5 -4 -2 
107 -4 -3 0 1 -6 7 5 -5 -3 -6 -4 1 -4 -6 -5 -3 -4 0 -5 -6 
108 3 -3 -1 -3 -3 -2 -3 -1 -4 1 1 -3 3 2 -4 -1 -1 1 -2 0 
109 -5 -5 4 -5 -6 -5 -5 -6 -3 -3 -4 -5 -4 5 -6 -5 -5 2 8 -4 
110 2 -4 -4 -5 -3 -4 -4 -1 -5 1 1 -4 -1 -3 -4 -2 0 -5 -4 5 
111 -1 -1 -1 -1 -5 4 5 0 -3 -4 -4 -1 -4 -5 -4 -1 2 -5 -2 -2 
112 2 -4 -3 -4 -3 -3 -4 1 -4 1 1 -3 2 2 -4 -2 1 4 -1 1 
113 -2 1 -1 -1 -4 -2 -1 3 -2 -4 -5 4 -4 -5 -4 2 2 -2 -3 -4 
114 -3 -4 6 0 -6 -2 -3 5 0 -6 -6 -2 -3 -6 -5 -2 -3 -6 -4 -6 
115 -3 -5 -5 -6 -4 -5 -5 -6 -5 2 4 -5 1 4 -5 -4 -3 -3 0 2 
116 0 -2 -2 -2 -2 -2 -2 -1 -2 2 2 -1 2 2 2 0 -1 -2 -1 0 
117 0 -2 -1 2 -3 -1 1 2 -2 -3 -3 -2 -1 -1 4 1 -1 -3 0 -3 
118 2 -3 -2 -2 -3 -3 -2 0 -3 -1 0 -3 -1 5 -1 1 -1 3 -1 -1 
119 2 -3 0 0 -3 0 -2 1 -2 -2 3 -3 0 2 -2 -1 -1 -1 -2 -1 
120 -2 -1 2 0 -6 0 1 -3 -3 -6 -5 1 -5 -6 6 0 -2 -6 -4 -5 
121 -2 -2 2 4 -5 -1 4 3 -1 -6 -6 -2 -5 -6 -3 -1 -2 -6 -5 -5 
122 5 -4 -4 -4 -3 -3 -2 2 -4 -2 -1 -3 0 -3 -4 1 1 4 -3 -2 
123 -1 -1 1 1 -4 -1 -2 -3 -3 -2 -3 0 -3 -4 -4 2 5 -4 1 -1 
124 -2 -5 -6 -6 -4 -5 -5 -6 -5 4 3 -5 2 5 -5 -4 -3 -2 -2 2 
125 -8 -8 -9 -10 -8 -7 -8 -8 -8 -8 -7 -8 -7 -4 -9 -8 -8 13 -3 -4 
126 6 -5 -5 -5 -4 -4 -5 1 -5 0 -3 -4 -4 -4 -4 -2 -3 -6 -5 2 
127 -4 -7 -5 -6 -7 -6 -6 8 -6 -8 -8 -6 -7 -7 -6 -4 -6 -7 -7 -7 
128 -2 4 -3 -4 -6 3 -1 -5 0 -3 -5 6 -4 -6 -5 -2 -2 -6 -5 -4 
129 -5 8 -2 0 -7 -3 -4 -6 4 -5 -6 0 -5 -7 -6 -5 -4 -7 -5 -7 
130 -3 -1 -4 -2 -4 -3 -3 -3 -3 -4 -3 -1 -4 7 -3 -2 -3 3 6 -5 
131 -1 -3 -2 2 -5 -4 -4 -6 3 -2 2 -5 -2 0 -6 -1 -3 1 7 -3 
132 -3 4 2 1 -6 5 -1 -2 -1 -6 -5 1 -4 -6 2 -1 -3 -5 -3 -5 
133 -3 6 -2 2 -6 0 0 -5 -3 -1 -5 1 -4 -3 -1 -1 -4 -1 0 -2 
134 -1 -1 2 -1 -4 1 -1 -4 6 -2 -3 0 -3 3 0 -2 -2 -3 3 -2 
135 -1 -1 -1 7 -6 1 2 -3 -3 -5 -6 -3 -5 -5 -4 0 -4 -6 0 -3 
136 -2 -5 -4 -5 -4 0 -5 -1 -5 6 0 -5 -2 -2 -5 -2 -1 -5 -4 4 
137 -5 -3 0 -2 -7 2 -3 -1 10 -1 -2 -5 -5 -2 -2 -5 -5 -1 -3 -6 
138 -4 -6 -4 -7 -5 -1 -5 -7 -4 6 1 -6 7 0 -6 -6 -3 6 -4 -1 
139 -1 -4 3 -3 -1 -3 -4 -3 -4 2 2 -3 -1 2 -2 2 1 -4 -1 0 
140 -2 -6 -3 8 -8 -5 -2 -1 -6 -8 -8 -3 -7 -8 -6 -1 -5 -8 -7 -7 
141 -3 -2 -2 -5 -5 -4 0 -2 -1 -2 -3 -4 -1 5 -5 1 0 6 5 -4 
142 -4 -4 0 2 -5 -4 -2 -3 -3 -4 -2 2 -4 5 -5 -4 -3 1 6 -4 
143 -4 -5 -3 -5 -5 -2 -1 -6 0 0 -1 -5 -2 3 -2 -4 -3 6 7 1 
144 -4 0 -4 -6 -5 -3 -3 -6 -4 0 0 0 4 1 -2 -4 -1 9 0 2 
145 -2 -4 5 4 -6 2 -2 -4 1 -5 -5 -2 -2 3 -5 -1 1 -5 -3 -5 
146 -2 -3 0 1 -4 1 -2 -4 3 3 1 -2 1 -2 -1 1 0 -4 2 0 
147 1 -3 -1 1 -4 -3 -3 0 -4 -4 -4 -3 -2 -6 -1 6 -1 -6 -5 -1 
148 2 -6 -2 -1 -6 -5 -4 7 -5 -7 -7 -5 -6 -7 -5 -1 -5 -6 -6 -6 
149 1 -2 -1 -2 -4 2 -2 -2 -2 -1 -1 -3 1 -3 3 -1 4 -5 0 -1 
150 -3 -2 -5 -6 -7 -6 -6 8 -6 -8 -8 -6 -7 -8 -7 -3 -6 -7 -8 -8 
151 5 -5 -5 -5 -4 -5 -5 3 -5 -1 -2 -4 -4 3 -5 -3 -4 0 0 1 
152 -3 -7 -1 -6 -7 -6 -7 8 -6 -8 -8 -6 -7 -8 -7 -3 -6 -7 -8 -8 
153 -3 -6 -6 -6 -4 -6 -6 -4 -6 6 2 -6 -1 2 -6 -2 -4 -5 -4 4 
154 -4 -1 -1 2 -6 2 6 -5 -3 -6 -6 1 -3 -5 -5 -2 0 -5 4 -5 
155 -4 -2 6 5 -6 -2 -2 0 0 -6 -7 -1 -6 -6 -5 -3 0 -1 1 -6 
156 -1 -4 -4 -5 -3 -4 -4 -5 -4 4 1 -1 3 1 -4 -4 -3 5 1 3 
157 -1 0 2 4 -5 2 0 -2 0 -5 -4 3 -4 -5 1 0 0 -5 -4 -4 
158 -1 -5 -5 -4 -4 -4 -5 -5 -5 3 4 -5 2 0 -3 -4 -1 4 -2 2 
159 -1 -3 1 -3 -6 -4 -3 6 -5 -6 -6 -3 -6 -6 -4 -1 0 -1 -6 -5 
160 -2 -4 0 3 -4 -2 -1 2 -3 -2 -3 -1 -3 4 3 -2 -1 -2 -1 -1 
161 1 -4 0 -2 -4 -2 -3 4 -1 -1 0 -3 -1 -2 -4 -1 -2 4 -2 -1 
162 -1 2 -1 -3 -5 2 -2 -2 -1 -4 -2 6 0 -5 -4 -2 0 -5 -4 -3 
163 -1 -5 -5 -5 -4 -4 -5 -4 -4 1 4 -5 0 4 -5 0 -2 0 2 0 
164 -1 -4 3 4 -5 -2 -3 1 0 -5 -5 -3 -1 -1 -4 4 -3 -6 -5 -4 
165 -1 -5 -5 -6 -4 -4 -5 -5 -4 1 2 -5 2 4 -1 -4 -3 3 4 3 
166 6 -4 -4 -4 -4 -1 -4 0 -5 -4 -4 -4 -4 -5 -4 3 -1 -5 -5 -1 
167 1 -4 -4 -2 -4 -4 -4 -3 -3 0 1 -4 0 3 -4 -2 -2 6 5 2 
168 -1 -3 -2 -4 -3 -3 -3 1 -4 2 0 -2 0 1 -4 1 3 -4 -2 2 
169 -1 6 -2 -3 -3 0 -1 -1 -1 -2 -2 -1 0 -2 -2 0 -2 -4 -2 -3 
170 1 -1 4 2 -3 1 0 0 -2 -4 -4 0 -2 -3 -2 2 0 -4 -2 -3 
171 -2 -3 0 5 -4 -2 -1 0 -3 -3 -2 -2 -3 1 -3 0 2 -4 0 -1 
172 0 0 2 2 -3 0 2 1 -1 -1 -1 -1 -2 -2 0 0 -1 -3 -1 0 
173 0 0 3 3 -3 1 1 0 -2 -2 -2 0 -3 -2 -2 1 1 -2 -1 -2 
174 1 -1 0 2 -1 -1 0 2 -1 -1 -1 -1 -1 -1 -1 0 -1 -1 -1 0 
175 -1 -1 0 1 -1 -1 -1 3 0 -2 -2 -1 -1 1 -1 0 -1 0 2 -1 
176 1 -1 1 1 -2 2 0 0 -1 -1 -1 -1 -1 -1 -1 2 0 -2 -1 -1 
177 0 1 0 0 -1 -1 -1 0 -1 0 -1 0 -1 1 1 0 0 -1 2 -1 
178 0 -2 1 2 -3 0 0 0 -2 -2 -3 -1 -2 -2 3 1 1 -3 -1 -1 
179 -1 0 0 0 -2 -1 -1 -1 -1 -1 -1 0 -1 3 -1 0 0 3 4 0 
180 1 -1 0 0 -1 -1 -1 0 -1 1 0 -1 0 -1 0 1 0 -2 0 0 
181 0 0 2 2 -1 -1 0 -1 0 -1 -2 0 -1 -1 -1 1 1 -2 1 -1 
182 0 2 2 1 -2 0 0 2 -1 -2 -2 0 -2 -2 -1 0 0 -2 -1 -2 
183 -1 -1 2 3 -2 0 0 -1 3 -1 -1 -1 -2 -1 -1 0 0 -2 -1 -1 
184 0 0 0 0 -1 0 -1 -1 -1 1 0 0 0 -1 0 0 1 0 -1 1 
185 0 0 0 0 0 0 0 0 0 0 -1 0 0 -1 0 0 0 0 1 0 
186 0 0 1 2 -1 1 1 0 -1 -1 -1 0 -1 -2 0 1 1 -1 -1 -1 
187 0 0 2 1 -1 0 0 1 0 -1 -1 0 -1 -1 0 1 0 -1 1 -1 
188 1 0 0 0 -1 0 0 0 -1 -1 -1 0 -1 0 1 0 1 -1 2 -1 
189 -1 -1 1 1 -2 1 0 1 0 1 -1 0 0 -1 0 0 1 -2 0 0 
190 -1 2 1 2 -3 2 1 -1 0 -2 -1 0 -2 0 0 0 0 -3 -1 -2 
191 -1 -1 0 -3 -3 -1 -1 -1 -1 1 1 0 1 -1 -2 0 3 1 0 2 
192 1 -2 4 1 -3 1 -1 -1 0 -2 -1 -1 0 -1 -2 1 1 0 0 -1 
193 -1 1 5 -1 -4 0 0 -1 0 -1 -1 0 -1 -4 0 -1 1 -5 -2 -1 
194 -1 -1 5 2 -3 0 -1 -2 2 -2 -3 -1 -1 -2 -2 0 1 -3 2 -2 
195 1 -1 1 -2 -2 -1 -2 -2 -1 1 0 -1 1 1 -2 0 1 -1 2 1 
196 -1 -3 -3 -4 -3 -1 -2 -3 3 2 2 -3 -1 4 -4 -3 -2 4 2 1 
197 -3 -3 2 7 -4 -2 0 -1 -2 -4 -4 -2 -4 -4 -2 -1 1 -4 -4 -4 
198 0 -4 -4 -4 -3 -3 -4 -4 -4 2 3 -3 0 2 -4 -1 -1 0 0 3 
199 -1 6 1 0 -4 0 -1 -1 -1 -2 -2 1 -1 -3 -3 -2 -1 -3 1 -3 
200 -2 -3 -2 -3 -3 -1 -1 -4 -2 0 3 -3 -1 1 -3 -3 -1 3 5 1 
201 2 1 -1 -1 -3 -1 -1 0 4 -1 -2 0 -1 -2 -2 1 0 -2 2 -1 
202 -1 -2 2 2 -3 0 0 4 -2 -1 -3 -1 -3 -3 0 0 -1 -3 -3 -3 
203 -1 -3 -3 -3 -2 -2 -3 -3 1 4 1 -3 2 2 -3 -3 -2 3 -1 2 
204 0 -1 0 1 -3 1 2 -1 1 -3 -3 2 -1 -3 4 -1 -1 -3 -3 -3 
205 0 -2 0 -1 -2 -2 -2 -2 -2 0 2 -2 2 1 1 -1 1 -2 0 1 
206 -1 -2 4 -1 -3 -2 -2 1 0 -3 -1 -1 -2 0 -3 -1 0 8 -1 -2 
207 1 -1 0 2 -2 0 1 0 -1 -2 -2 -1 -2 -1 4 0 -1 -3 -1 -2 
208 -1 -1 2 2 -3 -1 -1 3 -2 -1 -2 1 -2 -1 -2 1 0 -3 -1 -2 
209 2 -3 0 -1 -3 -2 -3 5 1 -2 -1 -2 -3 -3 -2 0 -2 -4 -3 -2 
210 -1 0 1 1 -3 0 2 -2 0 -3 -3 2 -1 -3 1 2 2 3 -2 -2 
211 -2 -4 -2 -4 -3 -3 -4 -2 -4 0 4 -4 0 1 -4 -3 0 4 -2 1 
212 0 0 1 1 -4 3 4 -2 0 -3 -3 0 0 -4 -3 0 1 -4 -3 -3 
213 -1 -4 -4 -4 -3 -4 -4 -4 -4 1 3 -4 1 4 -4 -3 -2 3 -1 3 
214 1 -3 -2 0 -3 -2 -3 4 -1 0 0 -3 4 -1 -3 -1 -2 2 1 -2 
215 2 -3 -2 -3 -2 -2 -3 2 -2 1 1 -2 0 1 -3 -1 -1 -2 1 2 
216 0 1 1 1 -2 1 1 0 -2 0 -2 0 1 -2 -2 0 0 4 -2 0 
217 0 -1 0 -1 -3 -1 -3 -1 1 1 -1 -3 0 2 -1 -1 -1 2 5 0 
218 2 -2 1 0 -3 1 -1 2 0 -2 -2 -1 1 -1 -1 0 -1 -4 -3 0 
219 -1 1 0 -1 -3 1 0 0 1 -1 -1 2 1 2 0 -1 0 -3 0 -1 
220 3 -3 1 2 -3 0 0 -1 -3 -3 -3 -1 -2 -4 2 1 0 0 -4 -1 
221 -2 -3 6 1 -5 0 -1 0 1 -3 -4 0 -2 -1 -3 2 -1 -5 -4 -3 
222 0 -1 0 2 -3 1 1 1 0 -2 -1 1 -1 0 0 1 0 -1 -1 -1 
223 0 1 0 1 -3 1 0 0 -2 -1 -1 1 0 -2 0 1 2 -3 -1 -1 
224 -1 0 2 4 -4 0 1 0 -1 -2 -3 0 -3 -3 -1 0 -1 -4 -1 -1 
225 0 0 1 2 -2 0 2 1 -1 -1 -2 0 -2 -2 -1 0 0 -2 -1 -1 
226 0 -1 1 0 -2 2 1 -1 -1 -1 -2 0 -2 -1 -2 0 0 0 4 -1 
227 0 1 0 0 -2 1 1 1 1 -2 -2 2 -1 -2 -1 0 0 2 0 -2 
228 0 0 0 1 -1 0 0 0 -1 0 1 0 0 0 -1 0 0 0 0 0 
229 1 0 2 0 -2 1 0 1 0 -1 -1 0 -1 -1 0 0 0 -1 0 -1 
230 0 0 0 1 -1 0 1 0 -1 -1 -1 0 -1 -1 2 0 1 -1 -1 0 
231 -1 -1 1 2 -1 0 1 1 0 -1 -2 1 -1 -1 1 0 0 -2 0 -1 
232 2 -1 0 2 -2 0 1 0 -1 -2 -2 0 -2 -3 1 1 1 -3 -2 -1 
233 3 -3 -1 0 -3 -1 -1 1 -3 -3 -2 -2 0 -2 0 1 0 4 0 -1 
234 -3 -1 1 3 -4 2 2 -1 2 -2 -4 3 -1 -4 -2 -1 0 -5 -3 -2 
235 -2 -1 2 4 -4 -1 -1 0 0 -3 -4 1 -2 -2 -1 1 1 -5 -4 -2 
236 2 -5 -4 -4 -5 -4 -5 6 -5 -6 -6 -4 -5 -6 -3 0 -1 -5 -6 -5 
237 -2 -3 -4 -5 -4 -3 -4 -3 0 1 0 -4 0 2 -3 -2 -2 9 4 2 
238 2 -3 -3 -3 -3 0 -2 1 -1 -2 0 -1 5 -1 -3 0 0 1 -1 0 
239 2 -4 -4 -4 -3 -3 -4 -2 -3 1 3 -3 3 4 -4 -3 -1 -1 -1 1 
240 1 -2 0 -3 -3 -2 -3 2 -2 -2 -1 -3 -1 -1 -3 2 4 -4 -3 -1 
241 4 -4 -4 -4 -3 -3 -3 1 0 1 1 -3 -2 -1 -3 -1 -1 1 -3 2 
242 -2 -2 -1 -2 -3 2 2 -4 -1 1 1 0 1 -2 -3 0 0 0 2 1 
243 -4 -4 -2 -2 -5 -2 -4 -4 8 -1 2 -4 -1 0 -5 -3 -3 0 3 -2 
244 -1 2 3 0 -3 0 0 0 1 -2 -2 1 -1 -3 -3 1 3 -4 -3 -1 
245 -1 -1 1 2 -5 6 -1 -2 1 -3 -2 -1 -1 -1 -2 -1 0 -4 -2 -4 
246 0 -1 2 3 -3 0 1 1 -2 -3 -4 1 -2 -4 0 2 0 0 -2 -3 
247 -2 -3 -2 -3 -3 -2 -3 0 -2 1 1 -2 2 5 -3 -2 -2 1 0 1 
248 -1 -1 -1 0 0 -1 -2 -1 -2 -1 2 -1 0 4 -2 -1 -1 3 2 -1 
249 -1 0 2 0 -4 -3 -2 5 -2 -4 -1 0 -2 -3 0 0 -2 -1 -2 -4 
250 -1 -2 -2 -2 -5 -4 -4 6 -5 -2 -3 -3 -1 -5 -3 -1 -3 -5 -5 -2 
251 -2 -3 0 -2 -4 0 -2 -3 -3 -2 -2 -1 -2 5 -4 1 1 4 3 0 
252 -2 -4 7 -2 -5 -1 -4 0 0 -6 -6 -4 -2 0 -5 2 0 -6 -2 -5 
253 -2 1 -1 -2 -5 3 2 -4 -3 -2 -3 5 -4 -5 -1 0 1 -5 -4 -4 
254 0 -4 -3 -5 -4 -4 -2 -5 -2 0 2 -4 -1 5 -5 -2 3 0 0 1 
255 3 -4 -4 -4 -3 -4 -4 -1 -4 1 -3 -2 -1 -1 -4 0 1 3 0 3 
256 0 -2 -5 -5 -3 -4 -5 -1 -5 2 4 -4 1 2 -5 -4 -1 -4 -3 3 
257 -2 2 -4 -4 -6 7 -2 -2 -3 -4 0 0 1 -6 -5 -2 -3 -6 -5 -5 
258 -2 -3 -1 -6 -5 -5 -5 -2 2 -2 -3 -3 -2 1 -6 -3 -2 1 8 1 
259 3 -3 0 -4 -4 -4 -4 5 -4 -5 -5 -3 -2 -3 -4 1 -3 -5 -2 -4 
260 -2 1 3 2 -4 1 0 -2 2 -3 -3 1 -2 -1 -3 0 3 -1 -1 -1 
261 -1 0 3 2 -2 -1 0 3 -1 -2 -2 0 -2 0 -1 0 -1 -2 -2 -2 
262 2 -1 -1 -1 -1 -1 0 2 -2 0 -1 -1 -1 -2 0 2 0 -2 -2 0 
263 0 -1 -1 -2 -1 -1 -1 -1 -1 1 1 -1 3 1 -1 -1 -1 2 2 0 
264 3 -1 -1 -1 -1 0 -1 0 -1 -1 -1 -1 -1 -1 -1 1 1 2 1 -1 
265 0 -2 1 -1 -3 2 -1 4 0 -3 -2 -1 -2 -2 -1 2 -1 -1 -3 -3 
266 0 1 0 -1 -2 1 -1 -1 2 -1 0 0 0 0 2 0 -1 1 1 -1 
267 1 -2 2 -1 -2 -1 -2 4 -2 -2 -1 -2 2 -1 -2 0 -1 -3 -2 -1 
268 2 0 0 -1 -2 0 -1 -1 -2 0 -1 0 -1 0 -1 1 1 0 1 1 
269 -1 -2 2 0 -3 -1 1 4 -1 -1 -2 -2 -1 -3 -2 1 0 -3 -3 -3 
270 0 0 -2 0 -3 0 -2 -2 1 0 1 -2 0 4 -2 -1 0 -2 0 1 
271 1 -1 0 -2 -3 -2 -2 4 -1 -4 -3 1 -2 -2 -2 2 0 -3 -2 -3 
272 0 1 1 0 -3 1 0 2 -1 -3 -2 -1 -1 1 -1 1 0 -2 2 -2 
273 -1 -3 0 -1 -3 -2 -2 3 -2 1 -1 -2 -1 0 0 0 1 3 1 -1 
274 1 -1 1 0 -3 -1 -1 3 -2 -1 -3 -1 -3 -3 1 2 0 2 -3 -2 
275 -1 -1 0 4 -2 -1 0 1 -2 -1 -2 -1 -2 -2 -1 1 1 -2 1 -1 
276 0 0 1 1 -1 0 0 0 -1 -1 -1 0 0 -1 0 1 1 -1 -1 0 
277 1 -1 0 0 -1 -1 -1 1 -1 -1 0 -1 -1 -1 2 1 0 2 1 -1 
278 0 0 2 0 -1 0 0 0 0 -1 -1 0 -1 -1 0 2 0 -1 -1 -1 
279 1 -1 0 0 -1 0 0 -1 -1 0 -1 0 0 -1 3 0 1 -1 -1 0 
280 -1 -1 -1 0 -1 0 -1 -1 0 -1 0 0 0 3 0 0 0 3 2 -1 
281 0 1 0 0 -1 0 0 -1 0 0 0 0 1 0 0 0 1 0 1 0 
282 0 0 0 0 -1 0 0 0 0 -1 0 0 0 -1 2 0 0 0 0 0 
283 0 0 0 0 -1 0 0 1 0 0 0 0 0 0 0 0 0 0 0 0 
284 0 0 0 0 0 0 0 0 0 0 0 0 0 0 0 0 0 0 0 0 
285 0 0 0 1 -1 0 0 2 0 -1 -1 0 -1 -1 0 1 0 -1 -1 -1 
286 0 0 0 1 -1 0 0 0 0 -1 0 0 0 0 0 0 0 0 0 0 
287 0 0 1 0 -1 0 0 2 0 -1 0 0 -1 -1 0 0 0 0 -1 -1 
288 0 0 1 0 0 0 1 0 0 -1 -1 0 0 -1 0 0 0 0 0 0 
289 0 1 0 0 -1 0 0 1 0 -1 -1 0 -1 -1 0 0 0 2 0 -1 
290 0 0 0 0 -1 0 0 -1 0 0 0 0 0 1 0 0 0 2 2 0 
291 0 0 1 0 -1 0 -1 0 0 -1 -1 -1 -1 0 0 1 1 0 4 -1 
292 0 -1 0 -1 1 -1 -1 0 0 -1 -1 -1 -1 0 0 -1 -1 4 4 -1 
293 1 0 0 0 -1 0 0 1 0 0 0 0 0 -1 0 0 0 0 0 0 
294 0 0 1 0 -1 0 0 0 0 -1 0 0 0 0 1 0 0 0 0 0 
295 0 0 0 0 -1 0 0 0 0 -1 -1 1 0 -1 1 0 1 0 0 0 
296 0 -1 2 2 -2 0 0 3 -1 -2 -2 0 -2 -1 -2 0 0 1 0 -1 
297 0 -2 1 2 -2 -1 -1 -2 -2 1 1 0 0 -1 -2 0 0 1 0 2 
298 -1 -1 2 2 -3 0 0 -1 4 -1 -1 -1 -1 -1 -1 -1 1 -3 1 -1 
299 -1 -1 4 2 -4 0 2 -1 0 -3 -4 1 -3 -5 0 1 2 -5 -4 -2 
300 -2 -2 4 5 -5 -2 0 3 -2 -3 -5 0 -4 -5 -3 0 -2 -5 -3 -5 
301 3 -2 -1 1 -3 -1 -2 4 -3 -3 -2 -2 -2 -4 -3 0 1 -2 -2 -2 
302 -1 1 1 1 -2 1 1 -3 1 -1 -2 2 -2 -2 -3 1 1 0 0 -1 
303 2 -1 -2 -2 -3 -2 -2 2 -2 -2 -1 -2 3 -4 -2 3 1 -4 -4 -1 
304 -1 -4 -3 -3 -4 -4 -5 -5 -4 1 2 -4 1 3 -5 -3 0 8 4 1 
305 -3 7 -4 -3 -6 0 -2 -3 -4 -5 -2 -1 -3 -1 -5 -3 0 -5 -1 -5 
306 0 -4 -5 -5 -3 -2 -5 -3 -5 3 3 -4 1 2 -5 -4 -1 -4 -3 3 
307 1 -3 -1 -4 -3 -2 -3 -2 -4 4 1 -3 0 1 -4 -1 1 -4 -2 2 
308 -1 -2 3 3 -4 -2 2 -3 -1 -2 -1 -2 -2 -1 -4 2 0 -3 -3 -1 
309 -1 -3 -2 0 -5 4 0 -3 5 -4 -5 -3 -4 0 -5 0 0 6 4 -4 
310 -3 -3 -3 -5 -5 -5 -5 6 -5 -2 0 -5 0 2 -5 -3 -5 2 -4 -2 
311 0 -2 1 1 -3 -1 2 0 -2 -1 0 -1 0 -3 -3 0 1 -4 -2 2 
312 0 -5 -4 -5 -4 -4 -5 -5 -1 3 1 -4 3 0 -4 -3 1 8 3 1 
313 -1 0 2 0 -4 3 0 -2 -1 -4 -3 0 -3 1 2 1 -1 -2 4 -3 
314 -1 -2 -4 -4 -2 -3 -4 -3 -4 2 3 -3 2 3 0 -2 -2 -3 -1 1 
315 0 0 1 -1 -2 -2 -1 3 -1 -4 -4 -3 -4 -2 -2 2 3 -5 -4 -3 
316 -2 -1 2 5 -5 0 3 -1 -3 -5 -6 0 -5 -6 3 -1 -3 -6 -5 -5 
317 -1 3 3 1 -4 1 -1 1 1 -3 -3 2 -3 -4 -2 0 -1 -4 -2 -3 
318 -1 -5 -6 -6 -5 -5 -6 -6 -5 2 0 -5 -3 5 -6 -5 -1 9 -1 1 
319 -1 0 0 1 -3 1 2 1 0 1 -2 -1 -2 -3 -3 2 -1 -4 -2 -2 
320 -2 -4 -4 -5 -3 -4 -4 2 -4 3 2 -4 5 2 -4 -3 -3 -4 -3 2 
321 2 -3 1 -1 -3 2 1 1 -3 -3 -1 -2 4 0 -3 0 -1 -2 -3 -3 
322 0 -3 2 -4 -4 -3 -4 -2 5 -3 -1 -4 -3 0 3 -2 0 2 5 -1 
323 3 -3 -2 -3 -3 1 0 -3 -3 -2 1 -3 1 -1 -3 1 1 -4 0 2 
324 2 -3 -3 -4 -3 -2 -4 0 -4 2 3 -4 -1 2 -4 -2 -2 -4 -1 2 
325 0 -3 -1 -4 -3 0 -2 0 -3 2 1 -3 3 -1 -4 -1 1 -1 -2 3 
326 1 -5 -5 -6 -5 -5 -5 -2 1 -4 -1 -5 -2 3 -6 -3 -3 4 8 -4 
327 0 -1 -1 -3 -5 6 2 0 2 -3 -4 -1 -3 -2 -4 1 -1 0 -4 -3 
328 0 0 1 2 -4 0 0 -1 2 -3 -3 3 -3 -1 -3 0 -1 3 2 -2 
329 0 -2 2 5 -4 -1 1 -1 -3 0 -3 -1 -3 -2 -3 0 1 -4 1 -2 
330 -1 2 1 4 -4 0 0 -3 -1 1 -2 2 -2 -4 -3 0 -1 -5 -4 0 
331 -1 2 1 0 -3 -2 -2 -1 0 -1 0 -1 0 2 -2 -2 -1 3 4 -1 
332 0 -1 0 4 -4 0 1 1 0 -2 -3 -1 -2 -4 0 1 -1 0 -1 -1 
333 0 -1 3 2 -4 0 0 -1 -1 -3 -3 0 -3 0 -1 0 0 2 4 -3 
334 0 -2 2 2 -4 0 1 4 -1 -2 -3 -1 -3 -3 -2 0 0 -4 -2 -2 
335 0 -2 2 4 -4 -1 0 1 0 -3 -3 -1 -3 -2 -3 1 2 1 -2 -2 
336 -2 0 1 3 -4 -1 1 4 0 -5 -4 1 -2 -4 -3 1 0 -5 -3 -4 
337 -1 2 -1 1 -3 2 0 -2 -1 -2 -1 1 0 -1 -3 1 2 -3 2 -2 
338 -2 2 1 2 -4 1 2 -2 -1 -4 -3 2 -2 -4 -3 1 3 -5 -2 -2 
339 -3 -1 1 0 -5 -1 -2 -2 -3 -3 -1 -4 0 1 -5 1 -1 10 -2 -5 
340 0 -4 -4 -3 -4 -4 -3 -4 -3 2 1 -3 2 3 -4 -2 -1 5 5 1 
341 1 2 0 -3 -4 -2 -3 -1 -4 -2 -4 -2 -2 -2 -4 5 3 -5 -4 -1 
342 3 -4 -4 -5 -3 -4 -4 -2 -4 1 1 -4 0 2 -4 -2 1 -4 -3 3 
343 0 -2 2 -4 -4 -3 -4 4 -4 1 -3 -4 1 -3 -5 -1 -3 -5 -4 3 
344 1 -5 -5 -4 -4 -5 -5 0 -5 3 0 -5 0 -3 -5 -3 -2 -5 -4 5 
345 -6 8 -2 -6 -8 -3 -4 -7 -4 -7 -5 -1 -6 -7 -6 -4 -4 -7 -6 -7 
346 -2 -6 -3 -5 -6 -5 -5 -2 -6 -3 0 -5 -2 -5 8 -3 -3 -7 -6 0 
347 2 -3 -3 -4 -3 1 -2 -2 -1 2 -1 -3 6 -1 -4 1 1 -4 0 1 
348 -6 -5 -1 -6 -4 2 -5 -7 1 -3 -4 -4 -5 3 -7 -5 -4 5 9 -4 
349 1 -1 0 -2 -4 1 0 -1 0 1 -3 3 0 1 0 -1 -2 0 1 -1 
350 -3 -6 -7 -7 -5 -6 -6 -6 -6 3 1 -6 -2 4 -5 -6 -4 10 -1 1 
351 -2 -2 5 2 -5 -2 -3 -3 1 -5 -5 -3 -2 -5 -4 2 4 -6 -5 -4 
352 -2 0 1 5 -5 2 3 -3 -2 -5 -5 1 -4 -6 2 0 -1 -6 -5 -5 
353 -4 0 5 -2 -5 0 -2 -4 3 1 -3 -2 -3 1 -5 -2 1 4 3 0 
354 -4 -4 3 -5 -5 -2 -5 -4 3 -1 1 -5 5 6 -6 -4 -2 0 -1 -1 
355 0 3 -1 -2 -4 3 1 -1 1 -3 -4 3 -3 -1 -3 3 -1 -5 -3 -4 
356 -2 -4 -4 -5 -4 -4 -4 -3 -5 1 3 -4 4 -3 -3 -2 5 1 -4 0 
357 1 -2 -3 -3 -3 2 0 1 -3 1 1 -3 -1 -2 -4 -1 -2 5 -1 1 
358 0 -4 -2 -4 -3 -1 -4 -1 -3 0 3 -3 1 2 -4 -1 1 -1 3 1 
359 -5 -4 -4 -1 -7 -2 8 -6 -4 -7 -5 -3 -6 -7 -5 -4 -1 -7 -6 -4 
360 3 -4 -4 -5 -3 -4 -3 0 -4 1 3 -4 -1 0 -3 -3 -2 -4 -3 3 
361 0 -5 -2 -4 -5 -4 -5 6 0 -6 -6 -4 -3 -6 -5 2 -2 -6 -6 -4 
362 -3 -2 -5 -6 -5 -3 -5 -6 3 -1 -3 -5 -2 3 -6 -4 -2 6 8 -1 
363 0 -3 0 4 -4 4 0 -2 -3 -4 -4 -2 0 2 -3 -1 0 -2 -1 -2 
364 -1 2 2 -1 -4 3 -1 -2 2 -2 -2 0 -1 -1 -3 -1 1 4 3 -1 
365 -1 0 0 -2 -3 1 0 -3 -2 1 0 0 3 -1 -3 -1 0 -4 -2 3 
366 -2 0 0 4 -4 0 1 -1 0 -2 -4 4 -2 -4 -3 -1 0 -2 -4 -4 
367 1 -1 0 3 -3 -1 -1 -2 -2 -3 -3 -1 -2 -1 3 1 1 -2 1 -2 
368 -1 0 2 3 -4 3 1 1 -1 -3 -3 1 -3 -3 -1 0 0 -1 -1 -3 
369 0 2 2 1 -3 1 -1 4 -1 -3 -3 -1 -3 -3 -2 0 0 -4 -2 -1 
370 0 -1 2 1 -3 1 0 0 0 -1 -2 0 -1 -1 -1 0 2 -3 -2 0 
371 1 0 0 1 -3 0 -1 4 -2 -3 -3 1 -3 -3 0 0 0 -2 -2 -2 
372 1 -2 -1 2 -2 -1 0 1 -2 -1 -1 -1 -1 1 -1 0 0 -2 1 1 
373 -1 1 2 3 -3 -1 1 -1 0 -2 -3 2 -2 -4 -1 1 2 -2 -3 -3 
374 0 1 3 -1 -4 2 2 3 -1 -3 -3 -1 -3 -3 -2 1 0 -4 -1 -3 
375 0 1 2 2 -3 0 -1 1 0 -3 -3 0 -1 -3 -3 3 1 -2 -1 -2 
376 0 -1 -2 -2 -3 1 -3 3 -2 -1 2 -1 2 2 -3 -1 -2 -3 1 -1 
377 -1 -2 -2 -2 -4 -1 -2 -1 -1 -2 -2 -3 -1 1 -4 0 2 6 6 -1 
378 -3 0 0 -4 -7 -3 -3 -5 -4 -6 -6 8 -3 -7 -5 -3 -1 -7 -6 -3 
379 -1 -4 -4 -5 -3 -4 -4 -5 -4 2 3 -4 0 4 -4 -3 1 -3 3 2 
380 -2 -5 -4 -4 -5 -4 -1 -4 -5 -4 -4 -2 -4 -5 -5 0 7 -6 -2 -3 
381 -1 -5 -6 -6 -4 -5 -5 -6 -5 4 4 -5 1 2 -3 -5 -3 -4 -3 3 
382 6 -3 -5 -5 -4 -4 -4 -1 -5 -3 -5 -4 -4 0 -4 1 -3 0 0 -2 
383 -1 -4 -4 -4 -6 5 -3 -2 4 -5 -1 -3 -3 -4 6 -2 -2 -6 -5 -3 
384 3 -3 2 -3 -4 3 -2 -2 -4 -3 -4 -3 -2 -5 -3 -1 5 -5 -5 -1 
385 -3 -5 -6 -6 -4 -5 -6 -6 -5 3 3 -6 1 4 -6 -5 -4 9 0 -1 
386 1 -2 -2 -3 -4 2 -2 -2 -1 -2 -4 3 -3 -5 -2 3 2 -5 -3 0 
387 3 -3 -4 -1 -3 -3 -3 -2 -4 0 1 -1 3 0 2 -2 -2 -4 -2 3 
388 -2 -4 2 2 -5 -2 -2 6 -2 -6 -4 0 -5 -5 -2 0 -3 -5 -4 -5 
389 0 1 0 1 -3 -2 -1 1 -3 -3 -3 1 -2 -3 3 2 2 -2 -3 -2 
390 -1 -3 0 3 -4 -3 1 3 -3 -3 -3 -2 -4 -3 -3 4 -1 -5 -4 -3 
391 -1 -3 -5 -5 -4 -3 -4 -5 -4 1 1 -5 2 6 0 -3 -3 -2 3 0 
392 -4 -5 -3 -5 0 -4 -5 1 -2 -3 -1 -2 2 3 -5 -4 -1 10 2 -4 
393 3 -3 -1 0 -2 -2 -1 1 -3 -3 -4 -1 -3 -4 0 4 0 -4 -4 -2 
394 -2 8 -1 -4 -7 0 -3 -6 -4 -7 -5 -1 -5 -7 -6 -3 -5 -7 -6 -4 
395 -3 -6 -6 -6 -7 -2 -5 -5 -6 -7 -7 -5 -7 -8 9 -5 -4 -8 -7 -7 
396 0 -3 -1 -2 -5 2 6 -4 1 -2 -4 -1 2 -5 -4 -1 -3 -5 -4 0 
397 -4 -5 -5 -6 -4 -4 -6 -7 -6 6 4 -5 1 1 -6 -5 -3 -5 -2 0 
398 -5 8 -2 -5 -7 -3 -4 -4 -2 -7 -6 1 -5 -7 -6 -2 -5 -7 -6 -7 
399 0 -5 -5 -5 -4 -5 -5 -5 -5 1 3 -5 -1 5 0 -3 -3 -3 -2 3 
400 -4 -6 -6 -7 -6 -5 -6 -5 -3 -1 -1 -6 -4 7 -6 -4 -3 -2 7 -2 
401 4 -4 -4 -5 0 -4 -4 1 -4 -1 -3 -4 -2 -2 -4 -2 0 -2 3 3 
402 -2 -5 -3 -4 -4 -4 -3 -2 -5 -5 -5 -3 -4 -6 -5 4 7 -6 -5 -4 
403 -3 -3 -2 -6 -6 -5 -5 -2 1 -3 -2 -3 -3 0 -6 -4 -5 4 9 -1 
404 3 -4 -4 -4 -3 -3 -4 1 -4 2 1 -3 3 0 -4 0 -2 -4 0 1 
405 -1 1 3 3 -4 0 0 -1 0 -2 -3 3 -2 0 -3 0 0 -3 -1 -3 
406 1 -2 -2 -1 -4 -2 -4 0 -4 -1 -2 -3 -2 0 -3 -1 -2 10 1 1 
407 -2 -2 5 5 -4 0 -1 -2 -3 -4 -1 -1 -4 -4 -4 1 -1 -5 -4 -4 
408 -1 0 2 4 -4 1 2 -1 0 -4 -4 1 -1 -4 -3 0 0 -4 -2 -2 
409 2 -1 2 1 -3 0 3 0 -1 -3 -3 1 -2 -2 -1 0 -1 -3 -2 -2 
410 0 -1 -1 0 -1 0 0 0 0 0 1 -1 1 0 0 0 0 3 0 0 
411 0 0 1 2 -1 0 0 0 0 -1 -1 0 -1 -1 0 0 0 -1 -1 -1 
412 0 0 0 0 -1 0 0 1 0 0 0 0 0 0 0 0 0 0 1 0 
413 0 0 0 0 -1 0 0 0 0 0 0 0 0 0 0 0 0 1 0 0 
414 0 0 0 0 -1 0 0 0 0 0 0 0 0 0 0 0 0 0 1 0 
415 1 0 0 0 -1 0 0 0 0 -1 -1 0 -1 0 0 0 0 -1 0 -1 
416 0 0 0 1 -1 2 1 1 -1 -1 -1 0 -1 -1 0 0 1 -1 -1 -1 
417 0 0 1 1 -1 0 0 0 -1 0 0 0 -1 -1 -1 0 0 0 -1 0 
418 1 0 0 0 -1 0 0 0 0 -1 0 0 0 -1 0 1 0 -1 0 0 
419 1 0 0 0 -1 0 0 0 0 0 0 0 0 -1 0 0 0 0 0 0 
420 0 0 1 0 -1 0 0 0 0 0 0 0 0 -1 0 0 0 -1 0 0 
421 0 0 2 1 -1 0 0 1 0 -1 -1 0 -1 -1 0 0 0 -1 0 -1 
422 0 -1 -1 -1 -1 0 -1 0 0 -1 -1 -1 0 1 1 0 -1 0 4 -1 
423 1 -1 0 0 -1 0 0 2 -1 -1 -1 0 -1 -1 0 1 0 -1 -1 -1 
424 1 0 0 1 -1 0 0 0 0 -1 -1 0 0 -1 1 1 0 -1 -1 -1 
425 1 0 0 0 0 0 0 0 -1 -1 -1 0 -1 0 0 1 1 -1 0 -1 
426 0 0 0 0 -1 0 0 -1 -1 0 1 0 0 0 0 0 0 1 0 0 
427 1 0 1 0 -1 0 0 0 0 -1 -1 0 -1 -1 0 1 0 -1 0 -1 
428 0 -1 2 3 -1 1 0 -1 -1 -2 -2 0 -2 -2 0 1 0 -2 -2 -1 
429 1 -1 1 1 -2 0 -1 2 -1 -1 -2 0 -1 -2 -1 1 1 -2 -1 -1 
430 0 0 0 0 -1 0 0 0 0 0 0 0 0 2 0 0 0 1 1 0 
431 0 -1 1 0 -2 -1 -1 4 0 -2 -2 0 -2 1 -2 0 0 0 0 -2 
432 1 0 0 0 -2 1 -1 0 -2 -1 -2 0 -1 -2 1 2 2 -2 0 -1 
433 -1 -2 0 -1 -2 -1 -1 -2 -2 0 -1 -1 -1 5 -2 0 0 3 1 -1 
434 0 0 2 1 -3 0 1 3 -2 -3 -3 0 -3 -2 -2 0 -1 -3 -1 -3 
435 0 1 1 3 -3 -1 0 0 -2 -1 -2 0 0 1 -2 1 0 -3 -1 -1 
436 1 -1 1 2 -2 1 0 3 -1 -3 -4 2 -3 -4 -1 0 1 -4 -3 -3 
437 0 2 1 2 -3 0 0 -1 -2 -2 -2 3 -2 -3 -1 1 2 -4 -3 -2 
438 0 -1 1 2 -3 0 -1 1 3 -3 -2 1 -2 -2 -2 2 0 1 -2 -2 
439 -2 -2 1 5 -5 -2 0 4 -3 -4 -5 -1 -5 -5 -2 1 -1 -5 -4 -5 
440 0 -1 -1 2 -3 2 3 -1 0 -3 -3 -1 -1 -4 -2 1 3 -4 -3 -2 
441 -2 -3 -3 -3 -2 -2 -3 -3 -3 0 1 -3 0 4 -3 -2 0 8 1 0 
442 -1 -1 4 -3 -3 0 -3 -3 -3 1 -1 -2 1 -2 -4 1 3 -4 1 0 
443 -1 -5 -5 -6 -4 -5 -5 -4 -4 2 0 -5 -1 7 -5 -3 -2 -3 1 3 
444 -3 -6 -4 -5 -6 -5 -6 7 -6 -7 -7 -5 -6 -7 -6 -3 -5 -6 -7 -7 
445 3 -4 -5 -5 -3 -4 -4 -2 -4 3 0 -4 1 0 -4 -3 -2 -4 0 5 
446 -5 1 -1 -4 -6 8 -2 -6 2 -6 -5 -1 3 -6 -5 -4 -4 -6 -5 -4 
447 3 -4 -4 -4 -3 -3 -4 -4 -2 0 0 -3 5 3 -4 -2 1 3 0 2 
448 -3 -4 0 1 -7 -2 7 -5 -4 -6 -6 -3 -5 -6 -5 -3 -4 -6 -5 -6 
449 3 -2 -3 -4 -3 -3 -3 -2 -1 2 -1 -3 1 -2 -3 -1 2 3 1 2 
450 -6 -2 -7 -7 -6 -6 -6 -6 -6 -6 -5 -4 -5 -1 -7 -4 -6 13 -1 -5 
451 -6 -7 -8 -9 -7 -7 -7 -7 -2 -6 -5 -7 -5 6 -8 -7 -7 12 -1 -7 
