0 -3 -4 -4 -5 -3 -3 -4 -5 -4 -1 0 -3 10 -2 -5 -4 -3 -4 -3 0 
1 -1 4 1 -1 -3 0 0 -1 0 -2 -1 2 0 -1 -2 0 0 -3 1 -2 
2 0 1 0 -1 -2 0 0 -2 -1 0 1 3 0 -2 -1 -1 1 -3 -2 0 
3 -1 -1 -2 -3 -2 0 -2 -2 0 1 2 -1 4 1 -2 0 0 0 1 0 
4 -1 1 -1 -2 0 0 -1 -1 0 0 1 1 0 1 -1 0 -1 3 1 0 
5 0 2 1 0 -3 -1 -1 2 -2 -1 0 1 1 -2 -2 0 -1 1 -1 -2 
6 1 -2 -2 -2 -1 -1 0 0 -2 0 1 -2 2 1 -1 0 0 4 -1 0 
7 0 -1 -3 -4 -1 -2 -3 -3 -3 2 3 -3 2 1 -3 -2 0 -1 1 2 
8 1 -1 -2 -2 1 -1 -2 0 -2 0 1 0 0 -1 -1 0 1 3 -1 0 
9 2 -2 -2 -3 0 -1 -2 0 -2 1 2 0 1 0 0 0 0 -2 0 1 
10 1 -1 -1 -3 -2 -2 -2 -1 -1 1 2 -2 1 -1 -3 -1 -1 -3 -2 2 
11 1 -2 -2 -3 1 1 -1 -1 -2 0 2 -2 1 0 -2 0 0 1 -1 0 
12 0 -1 -2 -2 1 -1 0 -2 -1 1 2 -2 1 1 -2 0 0 -2 -1 0 
13 2 -1 -2 -3 -2 -1 -1 -2 -2 0 2 -2 2 2 -2 -1 -1 -2 0 0 
14 0 -1 0 -2 1 -1 -2 -2 -1 0 0 -2 -1 -3 6 -1 0 -3 -3 0 
15 1 -2 -2 0 4 -1 -1 -1 -2 0 1 -2 0 -1 -1 1 1 2 -2 -1 
16 0 -1 -1 -2 -2 0 -1 0 -2 0 1 -1 1 0 1 0 1 1 -1 0 
17 3 -2 -1 -2 -2 -1 -1 0 -2 0 -1 -1 -1 0 1 1 0 -3 -2 1 
18 0 -1 0 -1 -2 3 0 -2 1 0 -1 -1 0 0 1 0 0 -2 1 -1 
19 3 -2 -1 -1 -1 -1 -1 -1 1 -1 -1 -1 0 -2 -1 1 1 -3 -2 0 
20 0 -1 -1 1 -3 4 2 -2 -1 -2 -2 0 -2 -1 2 0 0 -3 -2 -2 
21 -1 -1 0 3 -3 2 5 -2 -1 -2 -3 -1 -2 -3 -1 1 0 -3 -3 -1 
22 2 -1 1 1 -2 1 1 -1 -1 -2 -1 -1 -1 -1 0 2 0 -3 -2 -1 
23 0 1 -1 -2 -2 -1 1 -1 -2 0 1 0 -1 -2 -1 0 3 -3 -2 0 
24 0 -1 -1 -1 -1 0 0 -2 -2 2 1 -1 1 -1 -1 0 0 -2 -1 2 
25 0 0 0 0 -1 1 1 -1 0 -1 -1 2 -1 -1 0 1 0 -1 -1 -1 
26 0 0 0 1 -1 1 2 0 0 -1 -1 1 -1 -1 0 1 0 -1 -1 -1 
27 1 -1 -1 -1 -1 0 1 -1 -1 1 0 0 0 -1 1 0 0 -1 -1 1 
28 0 -1 0 0 -2 0 1 0 3 0 -1 0 -1 -2 1 0 1 -2 -1 0 
29 1 0 0 2 -2 0 1 -1 0 -2 -2 0 -1 -2 2 1 1 -2 -1 -1 
30 1 0 0 2 -2 2 1 0 1 -2 -2 1 -1 -2 0 1 0 -2 -1 -1 
31 0 0 0 1 -2 1 1 -1 -1 -1 -1 0 -1 -1 3 0 1 -2 -1 -1 
32 2 -2 -1 -2 -2 -1 0 0 -2 -2 -2 0 -2 -3 0 4 0 -3 -2 -1 
33 1 0 -1 0 -2 -1 0 -1 -1 0 2 0 0 -1 -2 0 -1 -1 1 1 
34 -2 0 -2 -3 -2 -1 -2 -3 -3 2 3 -1 1 0 -2 -2 -1 -3 -1 2 
35 -1 1 0 4 -4 1 2 0 -2 -4 -4 1 -3 -4 -3 2 0 -4 -3 -3 
36 0 3 0 -1 -3 2 2 -1 -1 -3 -3 3 -3 -4 -2 2 -1 -4 -3 -3 
37 -2 7 -2 -4 -5 -1 -3 -5 -2 2 -3 1 -1 -5 -5 -4 -4 -5 -4 -1 
38 -3 -1 -4 -3 -3 -1 -2 -5 -3 4 2 -3 1 0 -4 -4 -2 7 0 1 
39 2 1 0 0 -3 1 3 -2 1 -2 -2 1 0 -2 -3 0 -1 -4 -2 -2 
40 -1 1 2 0 -3 1 -1 -1 -2 -1 3 -1 0 0 -3 0 -2 -3 -2 -1 
41 0 -3 -1 1 -5 0 6 -4 -3 -3 0 -2 2 -4 -3 0 -1 -5 -4 -2 
42 0 2 0 -1 -3 1 0 -3 1 -1 1 2 -1 -3 1 -1 -1 -3 -1 -2 
43 0 0 -1 1 -4 4 3 -2 0 -2 -2 0 -2 -1 -3 0 1 -1 -1 -2 
44 1 -2 0 1 -3 0 2 -2 -1 -1 -2 0 -2 -3 -3 2 3 -4 -1 -2 
45 0 0 1 0 -3 2 1 -2 3 -2 -1 2 -2 -3 1 1 0 -4 0 -1 
46 -1 2 1 3 0 -1 0 -2 -1 -2 0 1 -2 1 -2 0 -1 1 0 -2 
47 -1 0 5 1 -5 0 0 3 -1 -4 -3 0 -4 -2 -4 0 -1 -5 -4 -4 
48 -1 1 -2 -1 -4 -1 -2 -3 -3 0 -1 -2 -2 -1 5 0 2 -2 0 -1 
49 -2 -5 -2 -6 -5 -5 -5 -5 -4 -2 0 -5 -3 8 -6 -3 -3 2 3 -3 
50 1 -1 0 -1 -3 -1 -2 1 0 -1 0 -1 -1 -3 -3 2 1 -4 -3 2 
51 -4 -5 -6 -6 -4 -5 -6 -6 -5 5 4 -5 2 3 -6 -4 -3 -2 -3 1 
52 -1 3 -2 -2 -3 -1 -1 -3 -1 -1 0 0 1 -2 -3 2 3 -3 2 -1 
53 1 -3 -3 -1 -4 0 0 0 -3 -3 -2 -3 -2 0 6 -1 0 -4 -1 -2 
54 -6 -5 -1 -4 -7 -5 -4 -7 8 -4 -6 -5 -5 0 -7 -5 -6 -3 8 -6 
55 -3 4 0 0 -6 1 4 -4 0 -5 -3 4 -3 -5 -4 -2 -4 -3 -3 -5 
56 -3 0 -2 2 -6 0 -3 -1 -5 -4 -3 -2 1 -3 7 0 -1 -6 -5 -2 
57 -5 -4 7 -3 -6 -4 -4 -5 -4 1 -3 -4 4 -3 -6 -2 1 0 -2 0 
58 -5 -5 -3 -6 -6 -5 -6 -6 -1 -5 -4 -5 -5 2 -6 -2 -3 -1 10 -4 
59 -2 -5 -5 -6 -4 -5 -5 -5 -5 4 3 -5 0 5 -5 -5 -4 -3 -1 2 
60 -1 -5 -5 -3 -4 -4 -5 -5 -5 2 5 -5 4 -2 -3 -1 -2 -5 -4 0 
61 1 -4 -4 -2 -3 -4 -3 0 -3 2 0 -4 0 3 -3 -2 -1 0 4 3 
62 -1 0 0 -3 -4 -3 -3 1 0 -2 -4 -2 -3 1 0 2 3 3 3 -1 
63 -1 -4 -1 -3 -5 -2 -4 -3 3 -2 -2 -3 -1 2 -2 -2 0 5 7 -2 
64 -1 0 3 0 -4 -1 -1 0 1 -3 -3 -2 0 -4 -3 2 4 0 -2 -1 
65 -1 -1 1 2 -3 0 -1 -1 0 -3 -2 0 -2 0 -1 3 1 -3 -2 -2 
66 -1 1 3 3 -2 0 0 -1 0 -2 -2 1 -2 -3 -2 2 0 -3 -2 -2 
67 -1 0 -2 -2 -3 -1 -2 -2 -3 2 -1 -1 0 -1 5 -1 0 -3 -2 1 
68 -3 -2 7 0 -3 -1 -2 -2 0 -2 -2 -1 -3 -3 -2 0 0 -4 0 -3 
69 -1 2 1 1 -2 1 1 -1 0 -2 -2 2 -1 0 0 0 0 1 0 -2 
70 0 1 1 1 -2 2 1 -1 0 -1 -1 0 0 -1 0 1 1 -2 -1 -1 
71 1 -1 -2 -2 -2 -1 -1 -1 -2 -1 -2 -2 -2 -3 6 -1 -1 -1 -1 -1 
72 -1 -2 -1 -1 -1 0 -1 -2 1 1 0 -1 -1 3 -1 0 0 0 4 0 
73 0 0 0 1 -2 1 1 0 0 -1 -1 0 -1 -1 -1 3 0 -2 0 -1 
74 -1 -1 0 1 -2 0 1 0 -2 -2 -2 -1 -2 -2 4 2 0 -2 -1 -2 
75 0 -1 2 1 -2 0 0 -1 0 -1 -1 -1 -1 0 0 0 1 -1 3 -1 
76 0 0 1 1 -2 0 0 0 1 -2 -1 0 -1 -1 3 0 0 -2 0 -1 
77 0 -1 1 1 -2 0 1 1 -1 -2 -2 0 -2 -1 3 0 -1 5 1 -1 
78 1 -1 1 1 -2 0 1 1 -1 -1 -1 0 -1 -1 1 0 0 -1 -1 -1 
79 -1 0 2 2 -2 1 2 -1 1 -1 -1 0 -1 -2 0 0 -1 -2 0 -1 
80 0 0 2 2 -2 1 1 1 1 -2 -2 1 -2 -2 1 0 -1 -2 -2 -2 
81 1 1 0 -2 -2 0 -1 -2 0 0 2 -1 0 1 -2 -1 -1 -1 3 0 
82 -2 2 1 3 -4 3 0 0 -1 -3 -3 3 -3 -4 -3 0 0 -4 -1 -3 
83 -1 2 4 3 -4 0 -1 -1 2 -4 -4 2 -3 -4 1 1 0 -5 -3 -4 
84 1 -2 1 1 -2 0 -1 -1 -2 0 -1 -1 0 0 -2 1 2 0 0 1 
85 -4 -3 2 3 -6 -1 6 -4 -3 -6 -3 -1 -5 -3 -4 -2 -2 -6 -5 -5 
86 4 -4 -2 -4 -3 -3 -4 -3 -4 2 0 -3 1 1 -4 -1 1 -4 -3 3 
87 -3 3 -1 -3 -6 0 0 -4 0 -4 -5 7 -4 -4 -4 -3 -2 -6 -4 -4 
88 -3 -5 -6 -6 -5 -5 -6 -4 -4 0 0 -6 1 8 -6 -3 -4 -1 4 -1 
89 -5 -3 -3 -4 -7 9 -1 -3 -3 -6 -6 -1 -4 -7 -5 -4 -1 -6 -5 -6 
90 -4 -5 -6 -6 -4 -5 -6 -6 -5 5 4 -5 0 3 -5 -5 -3 -4 -3 2 
91 -3 -5 -3 -4 -5 -2 -4 -3 -5 -6 -6 -4 -5 -6 -5 7 -2 -7 -6 -6 
92 0 -5 -6 -6 -4 -5 -5 -5 -5 1 3 -5 0 6 -5 -4 -4 -3 -1 2 
93 0 3 -2 -3 -5 0 0 -2 -3 -4 -5 6 -3 -5 -4 -1 -3 -5 -4 -4 
94 -1 -2 -3 -4 -4 1 -3 -4 0 0 0 -1 1 4 -4 -2 2 -2 5 2 
95 -3 4 -2 -2 -5 -1 -1 -3 -3 -3 -1 3 -1 -5 5 0 -3 -2 -3 -4 
96 -2 -4 -5 -5 -3 -4 -4 -4 -4 3 4 -4 2 1 -2 -4 -3 -4 -3 2 
97 1 -2 -2 -3 -3 -3 -3 -3 -1 0 0 -2 2 3 -3 -1 1 6 2 0 
98 -1 2 0 0 -3 2 2 -1 0 -2 -2 1 -1 -2 -2 0 0 -3 2 -2 
99 -2 -1 3 3 -4 -2 0 3 1 -4 -4 -1 -3 -4 2 1 -1 -4 -3 -4 
100 -1 -1 -2 0 -2 -2 -2 -2 -2 2 2 -1 1 1 -1 -1 -1 1 0 1 
101 -1 -4 -3 0 -3 -3 -1 -3 -3 0 3 -4 1 5 -3 -3 -2 2 -1 0 
102 -1 -1 -1 0 0 -2 -2 3 -2 -1 -2 -1 -2 0 2 -1 0 4 0 -2 
103 -2 -1 0 3 -3 -1 1 -1 -1 -2 0 0 -1 2 0 0 1 2 -1 -2 
104 -1 1 4 3 -3 -1 -1 1 1 -2 -2 1 -2 -2 -1 0 -1 -3 0 -3 
105 0 -1 -1 3 0 0 1 2 0 -2 -2 -1 -2 -2 -2 1 1 2 -2 -2 
106 0 -1 2 3 -3 -1 -1 1 0 -1 -2 0 -2 0 -2 1 0 -3 2 -1 
107 -1 -4 -5 -5 -3 -4 -4 -4 -4 2 5 -4 0 1 -3 -3 -3 -3 0 1 
108 -2 -4 -4 -4 -5 -2 -4 -1 1 -4 -3 -4 0 5 -5 -1 -4 8 6 -3 
109 1 -4 -5 -5 -4 -4 -4 -2 -4 1 2 -4 1 6 -4 -4 -3 -3 -1 1 
110 4 -4 -3 -2 -3 -2 -3 4 -4 -4 -4 -3 -1 -5 -3 1 1 -5 -4 -3 
111 -5 -5 -5 -6 -5 -5 -5 -6 -2 -4 -3 -5 -1 4 -6 -5 -5 -2 9 -4 
112 -3 -4 -3 -4 -4 -4 -4 -5 -5 -4 -4 -4 -4 -5 -4 1 8 -5 -5 -4 
113 -3 -3 0 -3 -5 8 -1 -1 -1 -4 -1 -2 -2 -5 -4 -3 -3 -5 -3 -3 
114 -2 3 -1 -3 -4 3 0 -3 -1 -1 -2 3 -2 -1 -3 0 3 -4 -3 -2 
115 2 -4 0 -2 -4 -3 -3 -3 -4 -2 -4 -3 0 0 -4 6 -1 -5 -4 -3 
116 -4 -1 0 -2 -4 -3 -4 -4 1 -1 1 -4 -1 5 -4 -4 -3 8 4 -2 
117 -6 -6 -6 -2 -6 -6 -6 -6 -6 -6 -3 -6 -5 2 -7 -6 -6 13 -2 -6 
118 -3 -3 1 4 -6 8 -1 -5 -3 -5 -5 -2 -4 -1 -4 -3 -4 -5 -4 -5 
119 1 -4 -3 -4 -3 -2 -4 -3 -4 3 2 -3 1 0 -4 -2 0 -2 -2 3 
120 -2 -2 -3 -3 -5 -2 -2 -2 0 -4 -3 -4 -3 3 -5 1 -2 1 8 -4 
121 1 -1 6 1 -4 0 0 0 -2 -4 -4 0 -3 -4 -3 0 -1 -5 -4 -3 
122 -1 -1 2 3 -3 0 1 0 1 -3 -3 1 -3 -2 0 2 0 -3 -2 -2 
123 0 2 0 2 -2 0 2 0 0 -2 -2 1 -1 -2 1 0 0 -2 -2 -1 
124 1 0 0 0 -1 1 1 -1 0 0 0 0 0 -1 -1 0 0 -1 0 0 
125 0 -3 -2 -3 -3 -3 -1 -3 -3 -5 -5 -3 -4 -5 -3 7 -1 -5 -4 -4 
126 3 2 -1 -2 -3 0 -2 0 -2 -3 -2 2 0 -2 -3 2 -1 -4 -1 -2 
127 -2 -1 -5 -4 -5 -4 -4 -5 -4 -5 -5 -3 -5 1 8 -3 -4 -5 1 -5 
128 -3 -4 -5 -5 -4 -4 -5 -5 -3 1 0 -4 3 7 -5 -4 -3 -1 1 1 
129 -2 6 -2 -1 -5 0 1 -4 0 -2 -3 1 -3 -4 -3 -1 -2 -4 -1 -2 
130 -1 -2 1 5 -4 -1 4 0 -2 -3 -3 -1 2 -4 -3 -1 -1 -4 -4 -2 
131 -1 1 1 -1 -2 -2 -2 -3 0 1 -1 -1 1 -3 -3 1 4 -4 -2 0 
132 -2 1 5 4 -4 0 0 -2 -1 -2 -3 -1 -3 -4 -3 1 0 -5 -3 -3 
133 -4 -3 -3 -4 -4 -3 -4 -5 5 -3 -2 -4 -3 4 -5 -3 -3 0 8 -3 
134 -1 1 4 0 -4 2 4 -3 0 -4 -3 0 2 -4 -3 0 -2 -4 -3 -3 
135 -1 -5 -5 -4 -5 -4 -4 -5 -5 -5 -5 -4 -5 -6 9 -3 -4 -6 -6 -5 
136 0 -1 -2 -1 -4 2 5 1 -2 -4 -4 -1 -3 -4 -3 1 -1 -4 -3 -3 
137 0 -3 -4 -4 -2 -3 -4 -3 -4 4 3 -3 1 1 -4 -3 0 -3 -2 2 
138 -1 -3 -3 -4 -3 -3 -4 0 1 1 -1 -3 2 6 -4 -1 -2 4 1 -1 
139 -2 -3 -3 -4 -3 -3 -4 -4 -2 2 2 -3 1 3 -4 -3 -2 4 5 1 
140 0 -1 -1 -1 -2 -1 -1 1 -1 1 0 -1 0 -1 -2 1 1 -2 1 1 
141 -1 0 -1 -3 -3 0 -2 -3 2 -1 0 0 0 4 -3 -1 -1 4 4 -1 
142 1 0 0 1 -4 0 -1 -2 0 -4 -2 -1 -4 -2 6 -1 -1 -5 -1 -3 
143 -1 -2 1 0 -3 -1 -2 -3 0 1 1 -1 0 0 0 -1 3 -3 -2 1 
144 -2 -1 3 4 -4 -1 0 0 0 -1 -2 0 -1 -1 1 0 0 -4 0 -2 
145 -1 -2 0 -1 -4 -2 -1 -1 0 0 0 -2 -1 2 -2 -1 -2 8 4 -2 
146 -1 1 1 1 -4 2 1 -2 1 -2 -2 3 -3 -4 1 1 0 -1 -3 -2 
147 -1 -1 0 -1 -3 -2 -1 -1 -2 1 2 -1 -1 2 1 0 -1 1 0 0 
148 1 -2 0 -1 -2 -2 -1 1 -1 0 1 -1 0 3 -1 0 -1 1 1 -1 
149 -1 -2 0 -1 -2 -1 -1 5 -3 -2 -3 -1 -2 -3 -1 0 -2 2 -3 -2 
150 -1 -1 -1 -2 -3 -1 -1 1 -1 -1 0 0 0 2 -3 -2 -2 8 1 -1 
151 -1 2 1 0 -3 0 -1 -1 2 -1 -2 1 -1 0 -2 0 2 -1 1 -2 
152 -1 -1 2 -2 -3 -1 -2 -1 -2 0 2 -2 0 3 -1 0 -1 4 0 -1 
153 -1 4 1 -1 -3 -1 -1 0 -2 -2 -2 1 1 -2 -3 1 1 0 -3 -2 
154 0 -1 -1 1 -3 0 0 1 0 -1 0 -1 2 1 -2 0 -1 2 1 -1 
155 0 -4 -2 -4 -3 -3 -4 -2 -3 3 2 -3 1 2 -4 -1 -1 2 0 2 
156 0 1 1 -1 -3 1 1 2 -1 -3 -3 0 -1 -2 -3 1 0 3 -1 -2 
157 0 -4 -4 -4 -3 -3 -4 -2 -4 3 2 -3 1 3 -4 -2 0 -1 -1 2 
158 0 -4 -2 -4 -5 -1 -3 6 -4 -4 -5 -2 -1 -5 -4 0 -2 -5 -3 -4 
159 0 -4 -5 -5 -3 -4 -5 -4 -3 2 3 -4 0 5 -5 -4 -3 4 3 1 
160 -1 0 4 -1 -4 1 3 -2 -2 -1 0 -1 0 -4 -3 -1 -1 -1 -3 1 
161 -5 -4 -3 -5 -6 -3 -4 -5 11 -6 -6 -4 -5 -5 -6 -4 -5 -6 -2 -6 
162 -3 -2 -1 0 -5 6 4 -4 0 0 -4 -1 -1 -4 -4 -2 -2 -5 -4 -3 
163 -2 -4 -3 -4 -4 -3 -3 -4 -4 -6 -6 -4 -5 -6 -4 7 -2 -6 -5 -5 
164 -5 -4 9 -2 -6 -3 -4 -4 -3 -7 -7 -4 -6 -7 -6 -3 -4 -7 -6 -7 
165 -3 -6 -4 -5 -6 -5 -5 7 -5 -7 -7 -5 -6 -7 -5 -3 -5 -6 -6 -7 
166 -2 5 -1 -3 -5 5 0 -3 -1 -2 -3 3 -3 -5 -4 -1 -2 -5 -2 -2 
167 1 -1 0 3 -3 -1 0 2 -3 -3 -4 -2 -3 -4 -1 3 1 -4 -1 -2 
168 0 -1 0 3 -4 1 1 3 -2 -3 -1 -1 -3 -4 -2 1 -1 -4 -4 -2 
169 -1 -2 -1 1 -4 -1 2 -1 -1 0 -1 -1 -1 -4 6 0 0 -5 -4 -2 
170 -1 1 -1 1 -3 -1 0 -3 -1 -1 2 -1 -1 2 -3 -1 0 0 2 -1 
171 -3 -4 0 -4 -5 -4 0 -4 -4 -6 -6 -4 -5 -6 -4 7 -2 -6 -5 -5 
172 -4 8 -4 -5 -7 -3 -4 -6 -4 -6 -6 1 -5 -7 -6 -5 -5 -6 -6 -3 
173 -2 -5 -1 -4 -5 -1 -1 -2 -5 -6 -6 -4 -5 -6 -5 7 -1 -7 -6 -5 
174 -6 -7 -7 -8 -6 -3 -7 0 -7 2 -2 -7 -2 -1 -8 -4 -4 12 -3 -2 
175 -6 -5 9 2 -7 -4 -3 -5 -4 -7 -8 -2 -6 -7 -6 -3 -4 -8 -6 -7 
176 -4 7 -3 -3 -6 -2 -3 -4 -4 -3 -5 0 0 -1 -5 -2 0 -5 1 -5 
177 0 -4 -4 -5 -3 -4 -4 -3 -5 4 2 -4 0 0 1 -3 -2 0 -1 3 
178 -2 -4 -2 -6 -5 -5 -4 -6 -3 2 -2 -4 0 4 -6 -1 -1 -2 7 1 
179 2 -4 -4 -4 -3 -4 -4 0 -4 1 3 -4 0 3 -4 -2 0 -3 -2 2 
180 0 3 1 1 -4 2 1 0 1 -3 -3 1 2 -4 -3 1 0 -2 -3 -3 
181 2 -3 -3 -4 -3 -3 -3 0 -2 -1 1 -3 1 2 3 -1 0 0 1 0 
182 0 0 -1 -2 -3 -1 -1 2 -1 1 0 -1 2 -1 -3 -1 1 -3 0 2 
183 1 -2 -5 -5 -4 -2 -4 -4 -3 -1 0 -3 2 6 -4 -3 -3 7 2 -1 
184 -1 -1 0 2 -4 3 4 -2 -1 -2 -2 0 -1 -2 -2 0 -1 -4 0 -2 
185 -2 1 2 -1 -4 -1 -2 -2 2 -2 -2 2 -1 2 -3 0 0 4 2 -2 
186 -1 0 1 2 -5 -2 1 5 -3 -5 -5 0 -3 -5 -1 -1 -3 -1 -5 -4 
187 -2 1 5 3 -4 0 -1 1 1 -3 -3 0 -3 -2 1 0 -1 -4 -3 -3 
188 -3 -4 -5 -4 -4 -4 -5 -3 -4 -1 3 -5 -1 5 -5 -2 -1 8 2 0 
189 1 0 0 -2 -3 0 0 0 -1 0 0 1 0 0 -3 1 2 -3 0 0 
190 -1 -4 -5 -5 -2 -4 -5 -4 -4 3 3 -4 1 3 -5 -3 -2 2 1 3 
191 0 1 1 0 -3 1 1 0 -1 -1 -1 -1 2 -2 -3 2 1 -3 0 -1 
192 0 -4 -4 -5 -3 -4 -4 -1 -4 1 2 -4 0 3 3 -2 -2 -2 -2 3 
193 1 5 -2 -4 -5 1 0 -2 -1 -5 -5 5 -1 -5 -4 -2 -2 -5 -4 -3 
194 1 -4 -4 -4 -4 -4 -4 -2 -4 1 0 -4 -3 0 5 -3 0 -4 2 1 
195 -6 -1 -7 -8 -7 -6 -4 -6 -2 -5 -5 -3 -6 -1 -8 -2 -5 12 3 -5 
196 0 -2 -2 -4 -4 -2 -3 -3 -1 1 0 -1 0 1 1 -3 -2 6 5 0 
197 -2 6 -2 -2 -5 -1 -3 -3 -2 -2 -4 0 -4 -1 2 -4 -4 -4 5 -1 
198 -2 -5 -4 -4 -4 -4 -4 -5 -1 5 2 -4 1 3 -2 -4 -2 1 0 2 
199 0 0 0 2 -3 -1 1 2 -1 -2 -2 -1 -2 -1 2 1 -1 -2 -2 -1 
200 0 0 1 1 -3 -1 1 -1 -1 -2 -2 3 -2 -1 -2 1 -1 -3 3 -1 
201 0 0 2 3 -3 0 1 0 0 -2 -2 1 -3 -3 -2 1 1 -4 -2 -2 
202 -3 -1 1 6 -6 1 1 -1 -1 -6 -4 -1 -5 -6 -1 0 -2 -6 -5 -5 
203 -4 -4 2 6 -5 -2 1 -2 -1 -5 -5 -3 -5 -5 -3 0 0 -5 1 -5 
204 -6 -5 9 -3 -7 -4 -5 -5 -4 -8 -8 -5 -7 -8 -7 -2 -4 -8 -7 -7 
205 -3 1 -3 -3 -7 -4 -1 -4 -3 -6 -7 0 -6 -7 8 -1 -3 -7 -6 -5 
206 -4 -3 2 8 -7 -3 -1 -2 -2 -7 -6 -2 -6 -3 -5 -3 -5 -8 -4 -7 
207 -5 -6 -7 -7 -5 -6 -7 -7 -6 7 3 -6 1 -2 -6 -6 -4 -1 0 -1 
208 1 -2 -1 0 -3 0 2 -1 -1 1 0 -1 0 -2 -2 0 2 -4 0 0 
209 -3 2 1 6 -6 -2 0 -4 3 -6 -4 3 -5 -6 -4 -2 -3 -6 -3 -6 
210 -6 -5 -5 -5 -7 -6 -6 -8 -3 -6 -5 -5 -5 3 -7 -6 -4 -2 10 -6 
211 -1 3 -2 -5 -3 -2 -4 -5 -4 2 1 -2 7 -2 -5 -3 -3 -4 1 0 
212 -2 -6 -4 -5 -7 -6 -6 8 -6 -8 -8 -6 -7 -7 -3 -4 -6 -7 -7 -7 
213 -5 3 1 -4 -6 -4 -4 -6 5 -2 -2 -3 -3 0 -1 -1 -4 0 7 -3 
214 1 -4 -2 -4 -1 -4 -4 5 -2 -3 -2 -4 1 2 -4 -2 -2 0 3 0 
215 -3 0 2 5 -6 1 5 -3 0 -4 -3 -2 -4 -4 -4 -2 -3 -6 -2 -5 
216 0 -5 -5 -6 -4 -4 -5 -5 -5 2 4 -5 1 3 -5 -4 -3 4 0 2 
217 0 1 1 -1 -3 1 0 1 0 -2 -1 2 -1 -1 -3 1 2 1 -1 -2 
218 1 -4 -4 -5 -3 -4 -4 0 -4 2 3 -4 1 2 -4 -2 -1 0 -1 2 
219 1 0 1 0 -3 0 0 1 -2 0 -1 0 -2 0 -2 1 0 -3 0 0 
220 -4 -1 -6 -7 -4 -3 -6 -7 2 -3 -2 -4 -2 1 -7 -6 -5 7 8 0 
221 0 2 1 -1 -3 1 0 1 0 -1 -2 1 -2 -2 1 -1 0 -3 0 -2 
222 -2 1 -1 -1 -3 0 -2 -3 0 1 1 0 0 2 -1 0 0 5 2 -1 
223 -2 -1 3 4 -5 -2 0 3 0 -3 -4 1 -3 -4 1 -1 -3 -5 -4 -4 
224 -1 2 3 4 -5 0 2 0 -2 -4 -5 2 -4 -5 0 -1 -2 -6 -4 -4 
225 0 -1 2 -1 -5 1 -2 0 7 -4 -2 -1 -3 -1 -4 0 -3 3 1 -2 
226 -1 1 0 -1 -3 0 2 -3 2 0 0 0 0 -1 -3 0 2 0 0 1 
227 -1 -4 -4 -5 -1 -4 -5 -4 -4 1 3 -5 -1 6 -5 -4 -3 3 0 1 
228 1 -1 1 0 -4 -1 2 0 -1 -3 -3 0 -2 -4 -3 4 1 1 -2 -3 
229 2 -4 -4 -4 -2 -4 -4 -1 -4 0 3 -4 2 1 -4 -1 1 -4 -2 1 
230 -2 1 -1 -3 -2 0 -1 -2 -2 -1 1 0 5 -3 -4 0 3 -4 -1 -1 
231 -1 -3 -3 -5 -2 -4 -4 2 -4 1 4 -4 2 0 -4 -2 -1 2 1 1 
232 -2 7 0 -3 -6 0 -3 -4 0 -2 -3 0 -1 -2 -5 -3 -1 -1 1 -4 
233 -2 0 4 -2 -4 1 -2 -1 4 -2 -2 2 -2 -1 -1 -2 0 -3 4 -3 
234 -2 -1 7 -2 -5 -3 -3 3 -2 -3 -4 -3 -2 -3 -2 0 -1 -5 1 -5 
235 -2 -3 -2 -2 -3 -1 -3 -2 -2 -1 3 -1 0 3 1 -2 -1 6 -1 -1 
236 0 3 2 1 -4 0 0 1 -1 -4 -3 1 -3 -3 -1 1 0 -4 -2 -3 
237 -1 1 0 2 -3 -1 0 1 1 -2 -2 0 -2 -1 -1 2 2 -2 -2 -3 
238 -1 -1 5 0 -5 -1 -2 3 0 -5 -4 -1 -3 -4 -3 1 -2 5 -2 -5 
239 -2 4 0 -3 -5 -1 -3 -3 4 -4 -4 4 -4 0 -4 -3 -2 0 4 -3 
240 -2 -3 1 -4 -5 -5 -4 7 -5 -3 -5 -4 -3 -3 -2 -2 -3 -5 -2 -4 
241 3 -4 0 -4 -4 -3 -3 2 0 -4 -4 -3 -2 -1 -4 3 1 1 1 -3 
242 1 -4 -3 -4 -3 -3 -2 -1 -2 3 1 -3 0 1 -2 -2 0 0 0 3 
243 -4 3 -1 1 -6 5 5 -5 0 -5 -4 -1 -3 -6 -5 -3 -2 -6 -5 -4 
244 1 -4 -5 -5 -3 -4 -5 -4 -5 2 4 -4 1 2 -3 -2 0 -2 -2 1 
245 -2 -1 1 4 -5 1 2 3 -3 -5 -5 -2 -5 -6 -4 2 1 -6 -5 -5 
246 -3 -6 -7 -7 -6 -6 -6 -7 -3 0 2 -6 -3 2 -7 -6 -5 9 6 0 
247 1 -3 0 -4 -4 -3 -3 -2 -4 -2 -1 -3 -1 -2 -4 4 4 -5 0 -2 
248 -5 -1 -6 -7 -6 -3 -6 -7 0 -4 -2 -5 -1 6 -7 -5 -4 5 7 -3 
249 -2 1 -2 -3 -7 -3 -4 -4 -6 -5 -5 -2 -6 -4 8 -4 -3 -7 -2 -6 
250 -3 -5 -3 -6 -4 -5 -5 -5 -5 5 4 -4 2 2 -4 -3 -3 -4 -2 2 
251 0 0 3 -2 -4 -1 -2 -1 0 -2 -2 2 -2 0 -1 2 1 3 2 -3 
252 -2 3 1 2 -2 0 0 2 0 -4 -4 3 -4 -5 0 1 -1 -5 -4 -3 
253 -2 2 4 1 -4 -2 -2 0 3 -2 -1 1 -3 0 -3 0 0 -3 0 -3 
254 -2 -4 -4 -4 -4 1 -3 -2 -4 2 4 -4 0 1 -5 -2 -2 -1 1 2 
255 -2 5 1 -3 -6 -1 -3 0 -1 -4 -3 2 -4 0 -3 -3 -4 -3 5 -5 
256 -1 -5 -5 -5 -4 -5 -5 4 -5 2 3 -5 -2 3 -5 -4 -4 2 -2 0 
257 -5 -5 -5 -5 -6 -3 -5 -7 6 -3 -2 -5 2 4 -6 -5 -1 1 8 -2 
258 1 -4 -4 -5 -2 -4 -4 -3 -5 1 3 -4 2 1 -4 -3 2 -4 -2 3 
259 -4 0 -2 -2 -7 8 1 -2 -2 -7 -5 1 -2 -7 -5 -2 -2 -6 -5 -5 
260 0 -5 -5 -6 -5 -5 -5 -1 -3 -1 1 -5 -2 2 -6 -3 -4 5 7 1 
261 -6 -4 -4 -7 -3 -4 -2 -6 -1 -3 -2 -6 -4 8 -7 -2 -5 -1 5 -3 
262 -1 -3 5 -1 -5 -1 -2 -4 4 -5 -4 -1 -3 -5 -4 3 1 -5 1 -2 
263 -3 -7 -5 -6 -7 -6 -6 8 -6 -8 -8 -6 -7 -7 -6 -3 -6 -7 -7 -7 
264 -6 -6 -7 -8 -7 -2 -7 -8 0 -6 -4 -6 -2 -1 -8 -6 -5 0 10 -6 
265 0 -6 -4 -4 -6 -6 -4 7 -6 -7 -5 -5 -4 -7 -6 -4 -3 -6 -7 -7 
266 -3 -4 -2 4 -7 0 7 -6 -1 -4 -4 -2 -4 -7 -5 -4 -5 -7 -6 -6 
267 -2 -4 2 -1 -5 -4 -2 0 -4 -6 -6 -4 -5 -6 -5 6 3 -6 -3 -5 
268 -5 -6 -7 -7 -3 -4 -6 -7 -6 1 6 -6 4 -3 -7 -6 -5 -5 -5 -2 
269 -3 -4 -6 -6 -4 -4 -6 -6 -5 6 3 -4 0 -1 -6 -2 -3 -2 2 0 
270 -3 -2 1 7 -7 -3 2 -1 -1 -7 -7 -4 -6 -7 -5 -3 -2 -7 -3 -6 
271 -6 -6 -7 -8 -7 -6 -7 -8 -3 -6 -6 -7 -3 -1 -8 -6 -4 -2 10 -6 
272 -5 0 8 3 -7 -1 -2 -4 -3 -7 -7 -1 -6 -7 -6 -1 -3 -7 -4 -7 
273 -2 3 0 -2 -5 3 0 -4 6 -3 -3 1 -1 1 -4 -2 -2 0 2 -1 
274 -3 4 1 -1 -5 0 -1 -4 4 -3 -4 3 -3 2 -2 0 -3 -3 3 -4 
275 -1 1 1 -1 -4 4 0 -2 1 0 -3 -1 -3 -4 -2 1 1 -5 -2 0 
276 -2 0 4 -1 -4 2 1 -4 1 -2 -4 -2 -2 -2 -3 2 4 1 -3 -3 
277 0 6 -1 -4 -2 0 -3 -2 -3 -2 -3 0 2 -4 -4 0 0 -4 1 0 
278 -2 -5 -6 -6 -4 -5 -5 -4 -5 5 2 -5 -1 3 -5 -4 -3 -4 -1 3 
279 -3 4 -4 -4 -6 -4 -4 6 -5 -6 -4 -3 -5 -6 -5 1 -3 -6 -6 -6 
280 -2 -5 -5 -6 -4 -5 -5 -6 -5 5 3 -5 0 2 -5 -4 -3 -4 0 4 
281 -1 -6 -4 -5 -6 -5 -6 7 -6 -7 -7 -5 -6 -7 -6 -1 -5 -6 -7 -7 
282 -4 -5 -6 -6 -4 -5 -5 -6 -5 4 2 -5 0 5 -5 -4 -4 -3 2 3 
283 2 1 -3 -3 0 -1 -2 -3 -1 -1 0 -1 4 -3 -3 3 0 -4 -3 1 
284 -3 -5 -5 -6 -4 -5 -5 -6 -5 4 5 -5 0 4 -5 -5 -4 -4 -3 -1 
285 -2 -1 4 -2 -3 -2 -2 -3 -2 -1 0 2 0 -1 -3 1 2 1 -3 1 
286 -3 -2 4 6 -5 -1 2 -1 -2 -4 -5 -2 -4 -4 1 -1 -2 -5 -2 -4 
287 -3 -2 -4 -4 -3 -3 -4 -4 -4 1 2 -4 1 3 -2 -2 -2 9 0 -1 
288 -2 -3 -3 -1 -3 -3 -4 -5 -3 0 4 -4 2 4 -2 -3 -2 -2 2 -1 
