0 -1 -1 -2 -3 -1 0 -2 -3 -2 1 2 -1 6 0 -3 -2 -1 -1 -1 1 
1 0 -3 -3 -3 -1 -2 -3 -3 -3 3 1 -2 1 -1 -2 -2 0 -3 -1 4 
2 -2 -1 -1 -2 -3 3 0 -3 0 -1 -1 0 0 5 -2 -1 -1 0 2 -1 
3 -1 1 0 0 -3 6 2 -2 0 -3 -2 1 0 -3 -1 0 -1 -2 -2 -2 
4 -1 -2 -2 -2 -3 -1 -1 -2 -2 -3 -3 -1 -3 -4 8 -1 -1 -4 -3 -2 
5 -1 -3 -3 -3 -1 -3 -3 -4 -3 4 1 -3 1 0 -3 -2 0 -3 -1 3 
6 0 -1 0 -1 -2 -1 -1 -1 -1 -3 -3 -1 -2 -3 6 3 1 -3 -2 -2 
7 2 -1 -1 0 -2 1 4 -1 -1 -2 -2 0 -2 -3 -1 1 -1 -3 -2 -1 
8 -2 -1 -1 -2 -3 3 0 -3 0 -1 -1 0 0 5 -2 -1 -1 0 2 -1 
9 -1 -3 -3 -4 -1 -3 -3 -4 -3 3 3 -3 2 0 -3 -3 -1 -2 -1 2 
10 2 -2 -3 -3 -1 -2 -2 -1 -2 1 3 -2 1 -1 -2 0 -1 -2 -1 0 
11 -1 -3 -3 -3 -1 -3 -3 -4 -3 4 2 -3 1 0 -3 -2 -1 -3 -1 3 
12 2 4 -1 -2 -2 0 0 -1 -1 -2 -2 1 -1 -3 -2 0 -1 -3 -2 -1 
13 -2 0 6 1 -3 0 0 0 1 -3 -4 0 -2 -3 -2 1 0 -4 -2 -3 
14 4 -2 -2 -2 0 -1 -1 0 -2 -1 -2 -1 -1 -2 -1 1 0 -3 -2 0 
15 -1 -1 4 0 -3 -1 -1 4 -1 -4 -4 -1 -3 -3 -2 0 -1 -3 -3 -3 
16 -1 -1 -2 -2 -1 -1 -2 -2 -2 1 1 -1 5 0 -2 -1 -1 -1 -1 2 
17 0 0 0 -1 -1 0 0 -1 0 -2 -2 1 -1 0 -1 3 0 -1 3 -1 
18 0 -1 -1 -1 -1 0 -1 -1 -1 -1 0 -1 3 -1 3 2 0 -2 -1 -1 
19 -1 -2 -2 -2 -1 -2 -2 -2 0 1 0 -2 0 3 -2 -1 -1 0 4 2 
20 1 -2 -2 -2 -2 -2 -2 -2 0 -1 0 -2 0 5 -2 -1 -1 1 4 -1 
21 -1 2 4 0 -2 0 0 -1 0 -2 -2 0 -1 -2 -1 0 1 -2 -2 -2 
22 1 0 0 2 -2 0 0 -1 -1 -2 -2 2 -1 -2 -1 0 2 -2 -2 -1 
23 -1 -1 3 0 -2 -1 -1 -1 -1 2 1 -1 0 -1 -2 -1 0 -2 -1 1 
24 -1 -1 -1 -1 -1 -1 1 -2 -2 3 0 -1 0 -1 -1 0 1 -2 -1 1 
25 0 -1 -1 -1 -1 -1 -1 -1 -1 0 1 -1 0 0 -1 1 0 -1 3 1 
26 0 -1 -1 -1 -1 -1 -1 -2 -1 0 1 -1 0 3 -1 1 2 -1 1 0 
27 -1 1 4 0 -2 1 0 -1 0 -2 -2 3 -2 -2 -1 0 0 -2 -2 -2 
28 -1 -2 -2 -2 -1 -2 -2 -3 -2 4 1 -2 3 0 -2 -2 -1 -2 -1 2 
29 -1 0 -1 -1 -2 0 1 -2 -1 3 0 1 0 -1 -1 -1 -1 -2 -1 1 
30 1 -1 0 0 -1 0 2 -1 -1 -1 -2 0 -1 -2 -1 3 1 -2 -1 0 
31 -1 5 0 -1 -2 1 0 -2 -1 -2 -2 1 -1 -2 -1 0 1 -2 -1 -2 
32 -1 -2 -2 -2 -1 -2 -2 -2 -2 2 2 -2 1 2 -2 -1 -1 -1 0 1 
33 -1 2 -1 -1 -1 0 -1 -2 -1 1 0 1 1 -1 -1 -1 0 -2 -1 1 
34 -1 0 -1 -1 -1 -1 -1 -2 -1 2 1 1 0 -1 -1 0 1 -2 -1 1 
35 0 -2 -1 -2 6 -1 -1 -1 -1 -1 -1 -1 -1 3 -1 1 0 -1 0 -1 
36 2 -1 -2 -2 -1 -1 -1 -1 -2 2 0 -1 0 -1 -1 0 0 -2 -1 1 
37 1 1 -1 -1 3 -1 -1 2 -1 -1 -1 0 -1 2 -1 0 -1 -1 0 -1 
38 -1 -2 -2 -2 -1 -1 -2 1 -2 0 2 -2 1 0 -2 -1 -1 6 0 0 
39 -1 -2 -2 -2 -1 -2 -2 -2 -2 3 2 -2 1 2 -2 -1 -1 -1 0 1 
40 0 -1 -1 -1 4 -1 -1 -1 -1 0 1 -1 0 2 -1 0 0 0 0 0 
41 0 -1 0 0 -1 0 0 3 -1 -1 -1 0 -1 -1 0 0 1 -1 -1 -1 
42 0 -1 -1 -1 -1 0 -1 -1 -1 2 1 -1 2 0 0 -1 0 -1 -1 1 
43 -1 -1 -1 2 -2 1 0 -2 -1 -1 -1 -1 -1 4 -1 -1 -1 0 1 -1 
44 -1 -1 2 -1 -1 0 -1 -1 -1 1 0 -1 3 -1 -1 0 1 -2 -1 0 
45 2 -1 -1 -2 -1 -1 -1 -1 -1 0 0 -1 0 0 -1 0 0 -1 3 1 
46 0 1 -1 -1 -2 -1 -1 3 -1 0 0 0 0 -1 -1 -1 -1 -2 -1 0 
47 1 0 -1 -1 -1 3 0 -1 -1 -1 0 0 2 2 -1 0 -1 -1 0 -1 
48 2 -1 0 -1 -1 0 -1 0 -1 -1 0 -1 0 -1 -1 2 0 -2 -1 -1 
49 -1 1 0 0 -2 2 3 -1 0 -1 0 0 0 -1 -1 0 -1 -1 -1 -1 
50 0 1 0 0 -2 2 1 -1 0 -2 -1 3 -1 -2 2 0 0 -1 -1 -1 
51 0 -1 -1 -1 -1 0 -1 -1 1 -1 -1 -1 -1 1 -1 1 0 1 5 -1 
52 -1 -1 0 2 -1 0 0 1 3 -1 0 0 0 -1 -1 0 -1 -1 0 -1 
53 1 -1 -1 -1 -1 -1 -1 1 -1 1 0 -1 0 -1 -1 0 0 -1 -1 1 
54 1 0 3 0 -1 0 0 1 2 -2 -2 0 -1 -2 -1 1 0 -2 -1 -1 
55 1 -1 -1 1 -1 -1 0 -1 -1 0 0 -1 0 -1 -1 1 1 -2 -1 0 
56 -1 0 0 1 -2 2 1 -1 -1 -1 -1 0 -1 -2 4 0 -1 -2 -1 -1 
57 -1 0 -1 -1 -2 3 0 -1 2 0 0 1 0 -1 1 0 -1 -1 -1 0 
58 1 0 0 1 -1 3 1 -1 0 -2 -1 1 -1 -2 -1 0 0 -2 -1 -1 
59 1 -1 -2 -2 -1 -1 -1 -1 -2 2 1 -1 0 -1 -1 -1 0 -2 -1 2 
60 -1 0 3 0 -2 4 1 -1 0 -2 -2 0 -1 -2 2 0 0 -2 -1 -2 
61 1 -1 0 1 -2 2 0 -1 1 -1 -2 0 -1 -2 3 0 0 -2 -1 -1 
62 -2 1 -2 -2 -2 1 -1 -2 0 -1 -1 0 -1 4 -2 -1 -1 1 5 -1 
63 0 4 0 -1 -2 0 0 -1 0 -2 -1 1 -1 -2 -1 1 0 -1 -1 -1 
64 -1 -2 -1 -2 -1 -1 -1 -2 1 1 1 -1 0 1 -2 0 3 -2 0 2 
65 -1 -1 1 -1 -2 -1 -1 -1 -1 -1 0 -1 -1 5 -2 0 -1 0 2 -1 
66 2 -1 0 -1 -1 -1 -1 -1 -1 0 -1 -1 -1 -2 1 3 0 -2 -1 -1 
67 0 2 0 1 -2 1 1 -1 1 -2 -2 2 -1 -1 -1 0 1 -2 1 -2 
68 2 -2 -1 -1 -2 1 -1 3 -2 -3 -3 -1 -2 -3 3 2 -1 -3 -2 -2 
69 -2 -3 -3 -3 -2 -2 -1 -3 -2 0 2 -3 1 6 -3 -2 -2 0 1 0 
70 0 -1 1 3 -3 0 3 -2 -1 -2 -2 0 0 -3 3 -1 0 -3 -2 -2 
71 -1 0 5 1 -3 2 0 0 3 -3 -3 0 -2 -3 -2 1 -1 -3 -2 -3 
72 0 -2 -2 -2 -1 -2 -2 -2 -2 1 3 -2 1 -1 -2 0 1 -2 -1 2 
73 0 1 1 -1 -2 2 0 1 1 -2 -2 1 -1 -2 -1 1 2 -2 -2 -2 
74 0 -2 -2 -1 -2 0 0 -2 -2 -1 0 -1 -1 -2 5 0 0 -2 -2 0 
75 -1 0 1 1 -2 1 0 4 -1 -3 -3 -1 -2 -3 0 0 -1 -2 -2 -2 
76 -1 -1 1 5 -3 0 2 -2 -1 -2 -3 -1 -2 -3 0 0 0 -3 -2 -1 
77 -1 -1 1 1 -2 1 4 1 -1 -2 -1 0 -2 -2 -1 0 0 -2 -2 -2 
78 -1 -1 0 -2 -1 -1 -1 -2 -2 2 1 0 1 -1 -2 0 1 -2 -1 1 
79 -1 -1 1 4 -2 0 2 0 -1 -2 -1 -1 -2 -2 -1 1 -1 -3 -2 -2 
80 0 0 1 0 -1 -1 -1 -2 -2 1 0 -1 0 -1 0 1 0 -2 -1 2 
81 -1 -1 -1 -1 -2 -1 1 -2 -1 -2 -1 -1 -1 -2 6 0 -1 -2 -2 -2 
82 1 0 -1 -1 -1 -1 -1 -1 -1 2 0 0 0 -1 -1 0 0 -1 -1 1 
83 0 -1 3 0 -1 0 0 -1 -1 -1 -1 0 1 -1 1 2 1 -2 -1 -1 
84 -1 -1 -1 0 -2 0 0 -1 -1 -2 -2 1 -1 0 6 0 -1 -2 -1 -2 
85 -1 -1 -1 0 -1 -1 -1 -1 -1 0 1 -1 1 3 -1 -1 -1 0 3 0 
86 0 -1 0 -1 -1 0 0 0 -1 -1 0 -1 0 -1 0 2 0 -2 -1 0 
87 1 -1 2 -1 -1 0 -1 -1 -1 -1 -1 0 -1 -2 2 1 0 -2 -1 0 
88 0 0 1 1 -1 0 1 -1 -1 -1 -1 0 -1 -1 1 1 1 -1 -1 0 
89 -1 -1 1 2 -1 0 1 -1 -1 -1 -1 0 1 0 2 0 0 -1 -1 -1 
90 0 -1 1 0 -1 1 1 0 0 -1 -1 0 -1 -1 1 0 2 2 1 -1 
91 1 0 0 0 -1 0 2 0 -1 -1 -1 0 -1 -2 1 1 0 -2 -1 0 
92 0 2 1 1 -2 2 2 -1 0 -1 -1 1 -1 -2 -1 0 -1 -2 -1 -1 
93 -1 -1 4 0 -2 0 0 -1 0 -1 0 -1 -1 -1 1 0 0 -2 1 -1 
94 1 0 -1 -1 1 -1 -1 1 -1 0 0 0 0 -1 1 0 0 -2 -1 1 
95 2 -1 -1 0 -1 0 0 -1 -1 -1 -1 1 0 -2 2 0 1 -2 -1 -1 
96 -1 -1 0 0 -1 1 0 -1 -1 2 0 0 1 -1 -1 -1 0 -1 -1 1 
97 0 -1 -1 -1 -1 -1 -1 -1 -1 1 0 -1 1 -1 0 0 0 -1 0 2 
98 0 -1 0 3 -2 2 1 1 -1 -2 -2 0 -1 -1 1 0 -1 -1 1 -2 
99 0 2 -1 1 -2 2 0 -1 -1 0 -1 1 -1 0 1 0 0 -2 -1 0 
100 1 -1 0 1 -2 2 2 -1 -1 -2 -1 0 -1 -2 2 1 0 -2 -2 -1 
101 0 0 3 0 -2 0 0 0 0 -1 -1 0 -1 0 -1 1 0 -1 1 -1 
102 0 1 1 0 -2 1 2 0 -1 -2 -2 2 -1 -2 0 0 1 -2 -2 -1 
103 0 -1 0 1 -2 1 3 -1 -1 -1 0 0 1 -2 0 0 -1 -2 -2 -1 
104 0 0 0 0 -2 2 1 1 0 -2 -2 1 -1 -2 1 0 1 -2 -2 -1 
105 0 -1 2 1 -2 2 3 -1 1 -2 -1 0 -2 -2 -1 0 0 1 -2 -2 
106 0 -1 1 2 -2 2 0 -1 0 0 -1 0 0 -2 -1 1 1 -2 -2 0 
107 1 1 0 0 -2 2 3 -2 -1 -2 -2 2 -1 -1 -1 0 0 1 -2 -2 
108 2 -1 0 -1 -1 0 0 0 0 0 -1 0 -1 -2 0 0 0 -2 -1 1 
109 2 -1 -2 -1 -1 -1 -2 -1 0 0 0 -1 -1 0 0 0 0 -2 2 1 
110 1 0 3 0 -2 3 1 2 -1 -2 -2 0 -1 -3 -2 0 -1 -3 -2 -2 
111 -1 0 1 0 -2 2 2 1 -1 -2 -2 2 -1 -2 0 0 0 -2 -1 -1 
112 0 -1 -2 -2 -2 1 -1 -2 -2 1 2 -1 3 1 -2 -1 -1 -2 -1 0 
113 1 -1 -1 -2 -1 0 -1 0 -1 1 1 -1 2 0 -1 0 0 -1 -1 0 
114 0 0 0 0 -1 2 0 -1 -1 -1 -1 0 -1 -2 0 3 0 -2 -2 0 
115 1 -1 0 0 -1 0 -1 -2 -2 0 0 -1 1 0 -2 1 2 -2 -1 1 
116 1 -2 0 0 -2 0 -1 4 -2 -3 -2 -1 -2 -2 2 0 -1 -2 0 -2 
117 2 -1 1 0 -2 0 -1 -1 -1 -2 -2 0 -1 -1 -1 3 1 -3 -1 -2 
118 0 3 -1 -2 -2 1 0 -1 -1 -1 1 0 0 1 -2 1 1 -2 -1 -1 
119 -1 -2 -1 -3 -2 0 -2 -3 0 1 4 -2 1 1 -3 0 -1 -2 -1 0 
120 2 -1 -1 0 -1 -1 -1 -1 -1 0 1 -1 0 0 -1 1 -1 -2 -1 1 
121 2 0 1 -1 -2 0 0 0 0 -2 -2 0 -1 -2 -1 2 1 -3 -2 -1 
122 1 0 2 1 -2 0 0 0 -1 -3 -3 0 -2 -3 -2 4 1 -3 -2 -2 
123 -1 -1 2 3 -2 0 0 3 1 -2 -3 -1 -1 -3 0 0 -1 -3 -2 -2 
124 0 1 2 0 -2 0 0 -1 1 -1 -1 0 0 -1 2 0 -1 -2 1 0 
125 3 -2 -1 0 -1 -1 -1 -1 -2 0 -1 -1 -1 -1 0 0 1 -2 0 1 
126 2 -1 0 -1 -2 0 0 0 -2 -1 -2 1 -2 -1 -2 3 1 -3 -2 -1 
127 -1 0 2 3 -3 0 1 2 0 -3 -3 -1 -2 -3 -2 1 0 -3 -2 -3 
128 1 -2 -1 -2 -2 0 -2 -2 -2 1 0 -2 3 1 -2 0 1 -2 1 1 
129 4 -2 -2 -2 -1 -1 -2 -1 -2 0 0 -1 -1 -2 -1 0 0 -2 -2 1 
130 0 4 -1 -1 -2 0 0 -1 1 0 0 1 -1 -2 -2 0 0 -2 -1 -1 
131 -1 -1 1 -1 -2 0 0 3 -2 -3 -2 -1 -2 -3 -2 4 0 -3 -3 -3 
132 1 -1 0 -2 -2 0 -1 -2 -2 1 0 -1 4 -1 -2 -1 0 2 1 1 
133 3 -3 -3 -3 -2 -2 -2 0 -3 1 0 -2 0 -1 -2 -1 -1 -3 -2 3 
134 0 0 2 -1 -2 -1 0 1 -2 -1 -1 -1 -1 -2 -2 2 3 -3 -2 1 
135 2 -1 3 1 -2 0 -1 2 -1 -3 -3 -1 -2 -3 -2 2 0 -3 -3 -2 
136 2 -1 -1 -1 -2 2 1 -1 -2 -1 0 0 -1 -1 1 0 2 -3 -2 -1 
137 3 -3 -3 -3 -2 -2 -2 -1 -3 2 1 -2 1 0 -2 -1 0 -3 -2 2 
138 0 -1 5 1 -3 1 -1 1 -1 -3 -3 -1 -3 -4 -2 2 2 -4 -3 -3 
139 0 -1 0 0 -3 4 1 1 -1 -3 -3 1 -2 -4 -2 2 1 -3 -3 -2 
140 1 -1 -1 -1 -3 4 3 0 -2 -3 -3 0 -2 -4 -2 2 1 -4 -2 0 
141 1 -3 0 -3 -2 -3 -3 -3 -3 3 1 -3 2 -1 -3 0 0 -3 -2 2 
142 0 -1 0 -2 -4 6 3 -2 -1 -4 -4 1 -3 -5 -3 0 1 -4 -3 -2 
143 0 0 0 3 -3 3 2 -1 2 -3 -3 1 -2 -3 0 1 0 -3 -2 -3 
144 -2 -4 -5 -5 -4 -4 -4 -4 -4 -4 -2 -4 -3 0 -4 -4 -4 12 -1 -4 
145 -3 -3 -4 -4 -3 -3 -4 -4 -4 0 5 -3 1 2 -4 -3 -3 -3 -2 -1 
146 -1 -1 4 0 -3 1 -1 2 -2 -3 -3 0 -3 -3 1 3 -1 -3 -3 -3 
147 -1 2 -1 -2 -4 6 1 -2 4 -4 -3 2 -2 -4 -2 -1 -2 -3 -2 -3 
148 -1 -3 -3 -3 -3 -3 -3 -3 -2 -1 -1 -2 -2 6 -3 -2 -2 5 5 -1 
149 -1 -3 -2 -2 -3 -3 -3 6 -3 -4 -4 -3 -3 -4 -3 -2 -3 0 -3 -4 
150 -1 -1 2 -2 -2 0 -1 -1 1 -2 -2 0 -2 -2 -2 0 5 -3 0 -2 
151 6 -3 -3 -3 -2 -2 -2 -2 -3 -1 -2 -2 -1 -3 -2 0 0 -3 -3 0 
152 -2 6 -2 -2 -4 3 1 -3 -1 -2 -3 2 -2 -4 -3 -2 -2 -3 -3 -2 
153 -2 -3 -3 -4 -2 -3 -3 -4 -3 3 1 -3 0 3 -3 -2 -1 -3 -1 4 
154 -2 1 3 1 -3 5 0 -2 0 -3 -3 1 -2 -3 -2 1 0 -3 -3 -3 
155 -1 -3 -4 -4 -2 -3 -3 -4 -3 2 5 -3 0 0 -3 -3 -2 -3 -2 1 
156 -1 -2 6 1 -4 2 0 0 -1 -4 -3 -2 -3 -4 -1 1 -1 -4 -3 -4 
157 0 -3 -3 -3 -2 -3 -3 -3 -3 2 1 -3 0 2 -3 0 1 -3 -2 4 
158 -3 -3 1 7 -5 -1 1 0 -2 -5 -5 -2 -4 -5 -3 -2 -2 -5 -4 -4 
159 -2 0 2 4 -3 0 2 -2 0 -3 -3 2 -3 -3 -1 0 2 -4 -3 -3 
160 0 0 3 3 -3 0 0 0 3 -3 -3 2 -3 -3 -2 0 0 -4 -2 -3 
161 -1 -3 -2 -3 -3 -2 -3 3 -3 -2 0 -3 -2 6 -4 -2 -1 -2 1 -1 
162 -1 1 2 1 -3 0 -1 -2 1 -3 -3 1 -2 -3 -1 4 0 -4 -3 -1 
163 -1 -3 -2 -4 -3 -1 -3 -3 -3 0 4 -3 0 2 0 -3 -2 6 1 -1 
164 -1 1 1 3 -3 0 0 2 -1 -4 -4 4 -3 -4 -2 0 -2 -4 -3 -3 
165 0 0 3 2 -3 0 1 3 -2 -4 -4 1 -3 -4 -2 1 0 -4 -3 -3 
166 1 -3 -2 -3 -3 -2 -2 1 -3 -2 -4 -2 -3 -4 -3 5 1 -4 -1 0 
167 3 -1 0 0 -3 3 1 -2 -1 -4 -4 -2 -3 -4 -3 3 -1 -4 -3 -3 
168 1 -3 -4 -4 -2 -3 -4 -2 -3 2 3 -3 0 4 -4 -2 0 -2 -1 1 
169 -3 -4 -1 7 -5 -2 2 -4 -2 1 -3 -3 -4 -5 -4 -2 -3 -6 -5 -3 
170 -3 -4 -4 -4 -3 -3 -4 -4 -4 0 3 -4 3 4 -4 0 0 6 -1 1 
171 -4 -4 -6 -6 -4 -4 -5 -6 -5 -1 6 -5 0 2 -5 -5 -3 -4 -3 -1 
172 0 -3 -3 -4 -2 -3 -3 -4 0 2 3 -3 1 2 -3 -2 1 -2 1 2 
173 -1 -4 -4 -4 -5 -4 -4 -4 -5 -5 -5 0 -5 -6 8 -3 -4 -6 -5 -5 
174 -3 -3 -5 -5 -3 -4 -4 -4 -4 1 4 -4 -1 3 0 -4 -3 7 -1 0 
175 -1 -3 -4 -5 -4 -2 -4 -5 2 -1 -2 -3 -1 1 -5 -3 -2 5 8 0 
176 -3 -3 2 6 -5 1 3 -2 -2 -5 -5 -1 -4 -5 -3 -2 -2 -5 -4 -5 
177 -1 1 3 1 -3 2 -1 0 -2 -3 -3 -1 -2 -4 -2 2 3 -4 -3 -2 
178 1 -1 0 0 -3 1 2 -1 -2 -3 -3 2 -3 -4 4 -1 0 -4 -3 -3 
179 -1 0 2 2 -3 1 1 -2 0 -2 -3 2 -2 -4 -2 1 0 -4 -3 0 
180 2 -1 2 -2 -2 0 -1 -1 1 -2 -1 -1 2 0 -3 2 0 2 0 -2 
181 -2 -3 -3 -3 -2 -3 -3 -4 -3 1 4 -3 4 -1 -3 -2 0 -3 -2 2 
182 1 -3 -3 -3 -2 -3 -3 -3 -3 1 3 -3 0 2 -3 -2 -1 4 -1 1 
183 -4 -4 -4 -4 -4 -4 -4 -4 -3 -2 -2 -4 -2 8 -4 -4 -3 -1 1 -3 
184 0 -2 0 -2 -2 -2 -2 1 -2 -1 -2 -2 0 -3 -2 3 4 -3 -3 -2 
185 -3 -1 -2 -2 -4 8 0 -3 -2 -4 -4 -1 -2 -4 -3 -2 -3 -4 -3 -4 
186 0 -2 -2 -3 -2 -1 -2 0 2 1 3 -2 1 1 -2 -1 0 1 0 1 
187 0 -3 -1 -2 -3 -3 -3 6 -3 -4 -4 -2 -3 -4 -3 1 0 -3 -3 -3 
188 1 -3 -3 -3 -2 -2 -3 0 -3 2 2 -2 1 2 -3 -2 -2 -2 0 1 
189 -3 6 -2 -1 -4 0 -1 -3 6 -4 -4 0 -3 -3 -3 -2 -3 -4 -2 -4 
190 1 4 3 1 -3 -1 -1 -2 0 -3 -3 -1 -2 -2 -2 0 -1 -3 1 -2 
191 -2 -1 1 -1 -3 1 -1 -2 3 0 -1 2 -2 0 2 -1 2 -3 -1 -1 
192 -4 -3 0 7 -6 -1 1 -2 3 -5 -6 -2 -5 -5 -4 -2 -3 -6 -4 -5 
193 -2 0 0 3 -4 -1 0 4 0 -5 -4 -1 -4 -4 -3 2 -2 -4 -2 -4 
194 -4 7 -3 -4 -6 0 -3 -5 -3 0 -4 -1 -3 -5 -5 -3 -3 -5 -4 -1 
195 -2 -3 5 2 -3 -2 -2 -3 -1 -2 -2 -2 -1 1 -3 -1 4 -4 -3 0 
196 -2 -3 -2 -3 -3 4 -1 -4 -1 2 -3 -2 -2 1 -3 -1 5 -4 0 -2 
197 1 -3 2 -2 -2 -2 -2 2 -2 1 0 -2 0 -1 -3 0 2 -3 -2 1 
198 -4 -3 8 -1 -5 -2 0 -3 3 -5 -6 -2 -4 -5 -4 0 -2 -6 -4 -5 
199 -1 -3 -1 -4 -3 -3 -4 -3 -1 4 3 -3 1 1 -4 -3 -1 -3 0 2 
200 -2 -4 -3 -4 -5 2 -4 7 -4 -6 -6 -3 -5 -6 -4 -3 -4 -5 -5 -6 
201 1 -3 -4 -4 -2 -3 -3 -2 -3 2 2 -3 3 1 -3 -2 0 -1 -2 2 
202 -2 -5 -3 -4 -5 -4 -5 7 -5 -4 -5 -4 -4 -5 -5 -3 -4 -5 -5 1 
203 -1 -3 -3 -4 -3 2 -3 -2 -1 1 1 -3 0 -1 -4 -3 -1 5 4 3 
204 -4 8 -3 -4 -6 -2 -3 -5 -3 -6 -5 0 -4 -6 -5 0 -4 -5 -4 -5 
205 -2 0 -2 2 -4 3 -1 -4 5 -2 -2 -2 -2 2 -3 -1 2 2 3 -3 
206 -3 -3 -3 0 -4 -4 -2 -1 -3 -2 1 -4 -1 6 -5 -1 -3 1 3 -2 
207 0 0 0 1 -2 1 0 0 1 -1 0 -1 0 0 -1 0 1 -2 0 0 
208 -1 -2 3 3 -4 0 2 2 -1 -4 -4 -1 -3 -4 2 0 -1 -4 -4 -4 
209 -1 -1 5 3 -4 0 0 1 -1 -4 -4 -1 -3 -3 -2 1 -1 -5 -3 -4 
210 0 -4 -1 -5 -5 0 -2 -3 -4 -5 -3 -4 -4 0 0 -1 -3 11 2 -5 
211 -3 -3 -3 -5 -4 -3 -5 -5 -4 -1 2 -4 9 -1 -5 -4 -2 -4 -1 1 
212 -1 -3 -4 -4 -3 -3 -4 -4 -2 0 2 -3 0 4 0 -2 0 5 3 0 
213 -2 -5 1 -4 -5 -4 -4 7 -4 -6 -6 -4 -5 -6 -5 -3 -4 -5 -6 -6 
214 2 -3 -3 -4 -2 -3 -3 2 -3 1 -1 -3 1 -1 -3 -2 -1 -2 3 3 
215 -4 -3 8 -1 -5 -3 -3 -3 -2 -6 -6 -3 -5 -6 0 -2 0 -6 -5 -5 
216 1 -3 -2 -3 -2 -2 -3 -2 -3 1 0 -3 2 -1 -3 1 3 -4 -3 3 
217 -4 -5 -5 -6 -5 -6 -6 -6 -4 -3 -2 -5 -3 8 -6 -1 -4 -2 0 0 
218 -3 -4 -5 -5 0 -4 -5 -3 -2 3 1 -4 0 6 -5 -4 -3 2 5 -1 
219 -4 -4 -1 8 -6 1 -1 -4 -4 -6 -6 -3 -5 -6 -4 0 -3 -7 -5 -6 
220 0 1 2 2 0 2 -1 -2 5 -4 -4 -2 -3 -2 -3 0 -2 -2 4 -3 
221 -4 -4 -1 8 -6 0 0 -4 -4 -5 -5 -3 -5 -6 -4 -3 0 -7 -5 -5 
222 -2 -3 1 -4 -3 -3 -4 -4 0 2 3 -4 0 4 -4 -3 -2 2 1 1 
223 0 0 -1 -2 -3 -1 -2 0 -3 -3 -4 -1 -3 -4 -1 4 5 -4 -3 -3 
224 0 4 -1 -2 -4 -1 -2 5 1 -4 -4 -1 -3 -3 -4 -1 0 -4 1 -4 
225 0 -1 2 1 -3 1 0 0 2 -1 -3 2 -2 -2 -2 1 0 -3 2 -2 
226 -3 -3 6 -2 -5 1 -2 -4 8 -5 -5 -2 -4 -4 -4 -2 -3 -5 -1 -1 
227 0 4 -1 -2 -3 0 -1 0 2 -3 -2 0 -2 -4 0 2 2 -4 -3 -2 
228 -4 8 1 -4 -6 -2 -3 -5 -3 -6 -5 -1 -4 -5 -5 -3 0 -5 -4 -5 
229 0 -3 -3 -4 -2 -3 -3 -1 -3 2 2 -3 2 1 -3 -2 1 -3 0 2 
230 -2 -5 -3 -4 -5 -4 -4 7 -4 -6 -6 -4 -5 -6 -4 1 -3 -5 -5 -5 
231 0 -4 -4 -5 -3 -4 -4 -4 -4 4 2 -4 1 3 -4 -3 -2 -3 -2 3 
232 -2 -5 -3 2 -5 -4 -4 7 -4 -6 -6 -4 -5 -6 -5 -3 -4 -5 -6 -6 
233 3 -3 -3 -3 -3 -3 -3 4 -4 -1 0 -3 -2 -2 -3 -1 0 -4 -3 2 
234 -3 -3 -3 -1 -6 -1 7 -5 -3 -1 -5 -2 -4 -6 -4 -3 0 -5 -5 -4 
235 3 -4 -4 -4 -3 -3 -3 -3 -2 1 1 -3 -2 -1 -4 -1 -2 2 6 0 
236 0 -2 0 -5 -5 -3 -5 0 -4 -5 -4 -5 -4 1 -6 -3 0 11 1 -5 
237 1 4 -2 -3 -3 0 -2 -3 0 -2 -2 0 -1 -3 -3 -1 4 0 -1 -1 
238 -4 -4 3 7 -5 -3 -1 -2 -1 -5 -6 -3 -5 -5 -4 -2 1 -6 -3 -5 
239 -4 -4 2 -2 -5 -4 -4 -5 0 -3 -1 -4 -3 4 -5 -1 -3 -1 8 -3 
240 -2 -4 -4 -5 -3 -4 -4 -1 -4 0 5 -4 1 2 -4 -3 1 -1 -2 0 
241 -2 1 3 -2 -5 2 -1 -3 -2 -5 -5 6 -3 -5 -3 -1 -1 -5 -4 -4 
242 -3 -4 -4 -5 -3 -4 -4 -5 -4 0 5 -4 2 3 -5 -1 0 -3 -2 -1 
243 2 0 -1 -3 -3 -2 -2 1 -3 -4 -4 -2 -3 -4 -3 5 -1 -5 -4 -1 
244 5 -3 -3 -4 -2 -3 -3 0 -4 -2 -2 -3 0 -3 -3 1 1 -4 -4 1 
245 -4 -3 8 -2 -5 -3 -3 1 -2 -6 -6 -3 -5 -6 -5 -2 -3 -6 -5 -6 
246 0 -2 -1 -2 -3 -1 -2 4 0 -3 -2 -2 -2 0 -2 2 1 0 2 -2 
247 -4 -4 -4 -4 -4 -3 -4 -4 -1 -3 -3 -4 -3 0 -4 -4 -4 0 9 -3 
248 -3 -2 -3 -4 -3 -1 -3 -4 2 1 2 -1 1 6 -3 -3 -2 1 2 0 
249 -1 5 -2 -3 -4 -2 -2 3 -2 -4 -4 -1 -3 -4 3 -2 -2 -4 -3 -4 
250 -1 -3 -3 -4 -2 -3 -3 -4 -3 1 4 -3 3 -1 -3 -2 2 -3 -2 0 
251 -1 -2 0 -2 -2 -2 -2 -1 -3 -3 -3 -2 -3 -3 -2 4 5 -4 -3 -2 
252 -1 -2 3 4 -3 -1 0 3 -1 -4 -4 -1 -3 -4 -2 0 0 -4 -3 -3 
253 -4 -4 -5 -5 -4 -4 -5 -4 -4 -4 -4 -5 -4 -2 -2 -4 -4 12 -1 -5 
254 -3 3 -1 -3 -4 -1 -2 -3 8 -4 -4 4 -1 -3 -3 -2 -3 -4 -1 -4 
255 0 0 2 3 -3 3 1 -1 0 -3 -3 0 -2 -3 -2 2 0 -3 -3 -3 
256 1 -3 -2 -2 -3 -2 -2 -2 -3 -4 -4 -2 -3 -4 -3 6 -1 -4 -3 -3 
257 0 4 -1 -2 -3 0 0 -2 0 -3 -3 1 -2 -2 4 1 0 -3 0 -3 
258 -1 -1 1 6 -4 0 2 -3 -2 -3 -2 -1 -3 -4 -3 -1 -2 -4 -3 -2 
259 -2 -1 -3 -3 -3 -1 -1 -3 1 0 2 -1 3 5 -3 -2 -2 -2 1 0 
260 1 1 2 3 -3 0 2 -2 -1 -2 -2 1 -2 -3 0 0 0 -3 -1 -2 
261 -2 -3 1 7 -4 -2 0 -2 -1 -4 -2 -1 -4 -3 -3 0 -2 -4 -4 -4 
262 -3 -3 -4 -4 -4 -3 -4 -4 3 -3 -1 -3 -3 1 -4 -3 -3 2 8 -3 
263 -2 -2 3 4 -3 2 1 -2 -1 -3 -1 -1 -1 -3 -2 0 -2 -3 1 -1 
264 1 -2 -2 -1 -4 -1 7 -3 -2 -4 -4 -1 -4 -4 -3 -2 -2 -4 -4 -4 
265 -3 7 -2 -3 -4 -1 -2 -4 -2 -4 -4 4 -3 -4 -3 -2 -3 -4 -3 -4 
266 0 -4 -4 -3 -4 -3 -3 -4 -4 -4 -4 -3 -4 -5 8 -2 -3 -5 -4 -1 
267 6 -3 -3 -3 -2 -3 -3 -2 -3 -3 -3 -3 -3 -4 -3 -1 -2 -4 -3 -2 
268 -3 -1 6 3 -4 -1 -1 -2 1 -4 -4 0 -3 -4 -3 0 0 -4 0 -4 
269 -2 -4 -2 -3 -4 -3 -4 7 -4 -5 -5 -3 -4 -4 -4 -2 -3 -4 -4 -4 
270 -4 -4 -4 -4 -4 -4 -4 -2 -3 -2 -2 -4 -2 6 -4 -4 -4 9 4 -2 
271 -4 -4 -1 8 -5 -2 -1 -3 -3 -5 -5 -3 -5 -5 -3 -2 -3 -5 -4 -5 
272 -2 -3 -4 -4 -2 -3 -4 -4 -4 4 3 -3 1 0 -3 -3 -2 -3 -2 3 
273 -2 7 -1 -3 -4 1 -2 -3 1 -3 -4 0 -3 -4 -3 -1 -1 -4 -2 -4 
274 4 -3 -3 -3 -2 -2 -1 -2 -3 0 0 -3 -2 0 -3 -1 2 -4 -3 0 
275 -2 -2 2 1 -5 2 5 -4 0 -5 -4 1 -4 -5 -3 1 -2 -5 -4 -4 
276 2 -4 0 -3 -4 -3 -3 5 -3 -4 -4 -3 -1 -4 -4 0 -1 -4 -1 -1 
277 -3 -5 -2 -6 -5 -4 -5 -3 -2 -3 -4 -5 -3 0 -6 -3 -2 8 8 1 
278 -3 -4 -5 -5 -3 -4 -5 -6 -2 0 6 -4 0 -1 -5 -1 -3 -4 -3 1 
279 -1 -5 -5 -4 -5 -4 -4 -5 -5 -5 -5 -4 -5 -6 8 -4 -4 -7 -6 -1 
280 4 -3 -1 0 -2 -2 -2 -2 -1 -2 -2 -2 0 0 -3 2 2 -1 -2 -2 
281 -3 -4 -4 -1 -1 -3 -4 -5 -1 -2 1 -4 -1 2 -5 -1 -3 5 7 0 
282 -3 -5 -4 0 -6 -2 -4 -5 -5 -6 -6 -4 -5 -6 8 -3 -1 -7 -6 -5 
283 1 1 -1 -3 -5 7 -1 -3 3 -5 -4 -1 -3 -5 -4 -2 0 3 -3 -4 
284 -4 -4 -6 -6 -4 -4 -5 -6 -5 0 5 -5 0 1 -5 -5 -3 4 -2 1 
285 -2 -4 -3 -4 -5 -4 -4 7 -4 -5 -5 -1 -5 -5 -4 -1 -1 -5 -5 -1 
286 4 -4 0 -3 -2 -3 -4 5 -4 -3 -2 -3 -3 -2 -4 -2 -2 -4 -4 -3 
287 -2 0 1 -2 -4 0 0 -2 -1 -4 -4 5 1 -2 -3 2 -2 -4 -1 -4 
288 0 -4 -1 -4 -3 -4 -4 -2 -4 2 5 -4 0 -1 -4 -3 0 -4 -3 1 
289 -1 -2 -3 -4 -3 -1 -3 -4 -4 2 -1 2 7 -1 -4 -2 1 -4 -3 2 
290 -1 -4 -5 -1 -5 -4 -4 -5 -1 -4 -3 -4 -4 3 -5 -4 -1 0 9 -4 
291 -4 -3 -3 -1 -6 -1 7 -1 -3 -5 -5 -2 1 -6 -4 -3 -1 -6 -5 -5 
292 -3 -2 -3 -3 -5 8 -1 -5 2 -5 -5 2 -3 -6 -4 -3 -1 -5 -4 -1 
293 -5 -5 -5 -6 -6 -5 -5 -6 -2 -4 -4 -5 -4 3 -6 -5 -5 -1 9 -4 
294 -4 0 -3 -5 -4 -1 -4 -5 -2 -2 -1 -3 -3 5 -5 -1 -3 -1 7 0 
295 1 -5 -3 -4 -5 -4 -5 7 -5 -6 -6 -4 -5 -6 -5 -3 -4 -5 -6 -5 
296 -3 0 3 6 -5 0 1 -1 -1 -5 -5 2 -5 -5 -4 -2 -3 -6 -5 -5 
297 -1 0 3 2 -4 1 3 0 1 -4 -4 1 -3 -4 0 -1 -2 -4 0 -4 
298 -2 -1 -5 -6 -4 -5 -5 -6 -6 1 -2 -5 -2 -4 -5 -4 -3 -6 -4 7 
299 5 -3 -3 1 -3 -3 -1 2 -3 -4 -4 -3 -3 -4 -3 1 0 -5 -4 -2 
300 -1 -4 -5 -6 -4 -4 -5 -6 1 0 6 -5 0 -2 -5 -4 -1 -4 -3 0 
301 -3 -2 -3 -4 -4 -5 -5 -5 -4 0 0 -5 -1 8 -5 -2 -2 0 0 -1 
302 -2 -3 1 4 -4 -3 -2 5 0 -4 -5 -3 -4 -4 -3 0 -3 -4 -4 -2 
303 -1 1 1 -1 -3 -1 0 -1 -2 -2 -3 5 -3 -4 -1 1 1 -4 -3 -2 
304 -3 -3 2 6 -5 -2 1 -1 -3 -5 -5 0 -4 -5 -3 1 1 -6 -4 -4 
305 -3 -1 4 3 -4 -1 1 -3 5 -4 -1 2 -3 -4 -3 -1 0 -5 -3 -4 
306 -1 5 -4 -4 -4 -1 -3 -5 -3 -2 4 -2 -1 -3 0 -3 -1 -1 -3 -2 
307 -1 0 -3 -2 -5 7 -1 -3 -3 -4 -5 0 -3 -6 -4 0 0 -5 -4 -5 
308 -2 2 1 1 -4 1 0 -3 2 -1 -4 4 -3 -4 0 2 -1 -5 -3 -3 
309 -4 -3 7 5 -5 -2 -2 -3 0 -5 -6 -3 -5 -5 -4 -1 -3 -6 -2 -2 
310 -4 -5 1 -4 -6 -4 -4 -5 -5 -6 -6 -4 -6 -7 8 -4 -4 -7 -6 -6 
311 -1 0 1 -3 -4 -1 -2 0 5 -3 -2 -1 -1 -1 -3 3 -2 -2 4 -2 
312 6 -1 -4 -4 -3 -3 -3 -3 -1 -2 -4 -3 -3 -5 -3 0 -2 -5 -4 -1 
313 0 -4 -4 -4 -3 -3 -4 -4 -4 4 0 -1 0 2 -4 -2 -2 0 -1 4 
314 0 -4 -3 -4 -4 -3 -2 -2 -4 -4 -4 -3 -3 -5 -4 1 7 -5 -4 -3 
315 3 -3 -3 0 -2 -3 -2 -1 -3 1 1 -3 0 0 -3 -1 1 -3 -2 2 
316 -1 -5 -1 -4 -5 -4 -2 7 -4 -6 -6 -4 -5 -6 -5 -1 -3 -5 -5 -4 
317 -1 -4 -4 -5 -3 -4 -4 -3 -4 4 3 -4 1 -2 -4 -3 1 -4 -3 4 
318 -2 -3 6 2 -4 -2 0 -3 -2 -2 -5 -2 -4 -5 -4 3 1 -5 -4 -3 
319 -4 -5 -5 -6 -2 -4 -5 -6 -2 -4 -3 -5 -4 2 -6 -2 -1 6 9 -4 
320 -3 0 2 -3 -4 -3 -3 -4 -4 -4 -4 -1 -4 -5 -4 -1 7 -5 -4 -3 
321 -4 -5 -5 -5 -6 -4 -4 -5 1 -5 -6 -4 -5 -7 8 -4 -4 -7 -6 -2 
322 -2 -5 -5 -3 -3 -5 -5 -5 -5 4 -1 -5 -1 4 -5 -4 -1 -3 -2 4 
323 -4 -1 -5 -4 -6 0 -4 -5 -5 -6 -6 -2 -5 -7 8 -2 -2 -7 -6 -5 
324 0 -4 -5 -6 -4 -4 -2 -5 -5 -1 6 -5 -1 -1 -5 -4 -3 -4 -3 -2 
325 -1 -4 -5 -5 -3 -4 -4 -5 -5 3 3 -4 1 0 -4 -4 -2 4 -2 4 
326 0 -3 -2 -3 -3 0 -1 -4 -4 -3 -3 -1 -2 -4 -3 2 6 -5 -4 0 
327 -1 -4 -4 -5 -2 -4 -4 -4 -4 2 3 -4 3 4 -4 -1 -2 -3 -1 2 
328 1 -1 1 1 -4 -2 -1 4 -3 -4 -4 1 -4 -4 -3 2 -2 -4 -2 -3 
329 3 -4 -4 -4 -2 -3 -3 -1 -4 2 1 -3 -1 -3 -3 0 -1 -4 -3 3 
330 -2 -2 1 5 -4 1 3 1 -2 -4 -4 -1 -4 -4 -3 0 -2 -4 -4 -4 
331 -3 0 -1 -3 -4 2 -1 -2 7 -3 -3 -2 -3 -1 -3 -2 -1 -2 5 -2 
332 -3 6 -2 -3 -4 -1 0 -3 -2 -4 -4 5 -3 -4 -3 0 -1 -4 -3 -4 
333 -1 3 -1 0 -3 4 1 -3 2 0 0 1 3 -3 -3 -1 -1 -3 -2 -1 
334 0 -4 -2 -3 -4 -3 -4 6 -4 -5 -5 -3 -4 -4 -4 0 -3 -4 -4 -4 
335 0 0 0 0 -3 4 0 0 -2 -3 -3 4 -2 -4 -2 0 0 -3 -3 -3 
336 1 -2 2 2 -3 1 0 2 -1 -3 -3 -1 -2 -3 -2 3 -1 -3 -3 -3 
337 0 -1 2 1 -3 -2 -1 4 -1 -3 -3 -1 -3 -3 -2 2 -1 -3 -3 -3 
338 -1 1 1 0 -3 2 2 0 2 -2 -1 2 3 -3 -2 -1 -1 -3 -2 -2 
339 -1 -1 5 3 -4 0 -1 1 3 -4 -4 0 -3 -4 -3 2 -2 -4 -3 -3 
340 -3 -3 2 6 -5 1 3 -2 -3 -5 -5 0 -4 -5 -3 -1 -3 -5 -2 -5 
341 0 -3 0 -2 -3 -2 -1 -2 -3 -2 -1 -2 -1 -4 0 2 5 -4 -4 -2 
342 -2 3 -1 -2 -3 4 0 -2 0 -2 0 0 -2 -2 -3 1 -1 -4 -3 0 
343 -1 -4 -4 -5 -3 -4 -4 -2 -3 2 1 -4 -1 6 -1 -3 -1 4 2 1 
344 -1 -3 4 -1 -4 1 -2 4 -3 -1 -4 -1 -4 -5 -4 1 0 -5 -4 -4 
345 1 -4 -5 -5 -3 -4 -4 -4 -4 3 4 -4 3 0 -4 -3 -2 -4 -2 3 
346 1 0 3 1 -4 4 2 1 -1 -4 -3 -1 -2 -4 -3 0 -1 -4 -3 -4 
347 -3 -4 -5 -5 -3 -4 -5 -5 -4 2 3 -4 2 5 -5 -4 -3 -3 -1 3 
348 -2 3 6 -1 -4 -2 -2 -3 2 -4 -5 -1 -4 -5 -4 1 2 -5 -4 -2 
349 -5 -5 -5 -6 -5 -5 -5 -6 -2 -3 -2 -5 -4 3 -6 -5 -5 5 9 -4 
350 0 4 0 2 -4 3 0 -3 0 -3 -3 0 -2 -4 -3 0 1 -4 -3 -2 
351 -1 -4 -4 -5 -3 -4 -4 -4 -4 2 2 -4 0 5 3 -1 -3 0 -1 -1 
352 0 -5 -1 0 -5 -4 -4 6 -4 -6 -6 -4 -5 -6 -4 0 -4 -5 -5 -5 
353 -1 0 1 0 -3 1 2 -3 3 -1 -1 1 1 -3 -3 -1 2 -4 -2 2 
354 0 -4 -1 2 -4 -3 -2 -1 -4 -4 -4 -3 -4 -5 6 3 -1 -5 -5 -2 
355 -2 -5 -6 -6 -4 -2 -5 -4 -5 -1 4 -5 0 1 -5 -4 -1 10 -1 -3 
356 2 1 0 -2 -3 3 0 -2 0 -2 -2 -1 -2 -4 -1 2 -1 -4 -3 -1 
357 1 0 -1 0 -4 4 1 -3 2 -4 -2 2 -2 -3 -3 2 -1 1 1 -3 
358 -1 -2 -3 -3 -5 8 -1 -5 4 -1 -1 -2 -3 -5 -4 -2 -3 -5 -4 -4 
359 -3 -4 -5 -5 -3 -1 -4 -5 -5 4 4 -4 0 -1 -5 -4 0 -4 -3 1 
360 -3 -3 3 6 -5 -2 1 -3 -3 -5 -5 -3 -3 -5 0 2 1 -6 -5 -5 
361 -1 -2 -4 -4 -5 -2 -3 -4 -4 -4 -5 0 -4 -5 7 1 0 -5 -1 -1 
362 0 -1 1 4 -3 1 1 -1 -2 -1 -3 -1 -3 -2 -1 2 0 -4 -3 -1 
363 3 -1 4 -1 -3 1 0 0 -1 -3 -3 0 -2 -2 -2 1 -1 -3 1 -2 
364 -3 -4 -5 -5 -3 -4 -2 -5 -5 1 -1 -4 -2 -3 -4 -4 0 -5 -3 7 
365 3 1 1 0 -3 0 -1 1 -2 -2 -3 1 -2 -4 -2 0 1 -4 -3 -2 
366 3 -2 -1 0 -2 -1 1 1 -1 0 0 -1 -1 -1 -1 0 0 -3 -1 -1 
367 0 2 -1 0 -3 1 0 -3 -1 0 1 0 4 -2 -1 0 1 -3 -3 -2 
368 -2 8 1 -2 -6 0 -2 -5 -3 -6 -5 -1 -4 -6 -5 -2 -4 -6 -5 -5 
369 -2 -1 1 -2 -3 0 -1 -1 -1 -2 -1 -2 -2 -1 -3 4 3 -4 -3 -2 
370 -3 -3 -2 -5 -3 -2 -4 -5 -4 1 6 -4 0 -2 -3 -4 -3 -4 -1 0 
371 4 -3 -1 -2 -3 1 -2 -2 -3 -2 -2 0 2 -4 2 1 0 -4 -4 -1 
372 -1 -3 -1 -2 -4 -2 1 6 -3 -5 -5 -1 -4 -2 -4 0 1 -5 -4 -4 
373 0 -1 3 -2 -3 -2 -2 -2 -3 -4 -3 -2 -2 -2 -1 5 -1 -5 -4 -1 
374 -2 7 -1 -2 -5 0 -3 -4 -1 -5 -4 0 -3 -5 -4 -2 -1 -5 -4 -5 
375 -4 -3 -4 -6 -5 -3 -5 -6 1 -1 0 -4 0 0 -2 -4 0 -1 8 -1 
376 0 -4 3 7 -5 -3 0 -3 -4 -5 -6 -1 -5 -6 -2 -2 0 -7 -5 -5 
377 -3 -3 -1 -5 -4 -4 -5 -5 -4 0 5 -4 0 4 1 -2 -1 -3 -2 -2 
378 -3 -5 -6 -6 -4 -5 -5 -6 -6 1 0 -5 -2 -4 -3 -5 -1 -6 -4 7 
379 1 -3 2 4 -5 1 5 -3 -3 -5 -5 -2 -4 0 -4 0 -3 -5 -4 -3 
380 -1 8 -4 -5 -6 -2 -3 1 -1 -3 -5 -1 -4 -6 -5 -4 -2 -6 -5 -5 
381 -5 -4 8 3 -6 -3 -3 -1 -3 -6 -7 -3 -6 -6 -5 -3 -1 -7 -6 -6 
382 -2 -4 7 1 -5 -3 -3 -3 3 -6 -6 -3 -5 -4 -3 -2 0 -5 3 -5 
383 -2 -3 6 2 -4 2 1 -3 2 -1 -4 -2 0 -4 -4 -1 -1 -5 -1 0 
384 -4 -6 -3 -6 -4 -5 -6 -7 -6 7 1 -5 1 -3 -6 -5 -2 -5 -4 0 
385 -3 -5 1 -3 -4 -5 -5 -5 -5 3 -1 -5 -2 -3 -5 -4 -1 -6 -4 6 
386 -1 -4 -5 -6 -4 -2 -5 -5 -5 -1 5 -2 4 -1 -5 -2 -3 -4 -3 0 
387 0 -2 1 2 -5 5 5 -4 -2 -3 -5 -1 -4 -5 -3 0 -1 -5 -4 -4 
388 -5 -5 -5 -3 -6 -4 1 -6 0 -5 -5 -2 -4 0 -6 -5 -1 -2 9 -5 
389 -1 5 -2 -3 -4 3 0 -4 1 -4 -3 4 -3 -4 -3 0 -1 -4 -3 -2 
390 -1 -1 -2 -3 -5 1 2 -1 -3 -4 -4 6 -3 -5 -2 -2 -2 -5 -4 -2 
391 -2 0 -1 -3 -5 6 0 -2 -2 -5 -3 4 -3 -5 -3 -1 -2 -4 -1 -3 
392 0 -1 2 3 -4 2 3 0 0 -4 -3 1 -3 -4 1 0 0 -4 -3 -3 
393 -1 -1 -3 -2 -3 1 -2 -3 -1 1 3 -1 0 -1 -1 -2 0 -3 -1 2 
394 0 -3 -3 -2 -2 -3 -3 -3 -3 4 2 -3 0 -1 -3 0 -1 -3 -1 2 
395 -1 3 2 1 -3 0 -1 -1 2 -2 -3 2 -2 -3 -2 2 1 -1 -2 -2 
396 -2 -4 -4 -5 -3 -2 -4 -5 -4 4 5 -4 3 -1 -4 -4 -3 -4 -3 1 
397 1 0 2 1 -3 0 0 -2 0 -2 -2 0 -2 -2 -3 2 3 -4 -2 -1 
398 -3 -4 -3 -5 -3 -4 -4 -3 -4 2 5 -4 1 0 -4 -3 -1 -4 -3 2 
399 1 -1 0 1 -1 0 0 -1 0 -1 -1 -1 -1 -1 2 2 1 -1 -1 -1 
400 0 -2 1 0 -3 -1 -1 -1 0 -3 -2 -2 -3 -4 6 -1 0 -4 -3 -2 
401 2 -1 1 2 -2 0 1 -1 1 -1 -2 0 0 -3 -1 1 1 -3 -2 0 
402 0 1 0 2 -2 1 1 0 0 -2 -2 0 -2 -3 2 1 1 -3 -1 -1 
403 0 -2 -2 -3 -2 -2 -2 -3 -3 4 1 -2 1 0 -2 -1 0 -3 -1 2 
404 0 0 2 1 -2 0 0 -1 -2 -1 -3 0 -2 -3 -2 2 2 -3 -2 -1 
405 1 -4 -2 -2 -4 -3 -2 6 -4 -2 -1 -3 -3 -4 -4 -1 -2 0 -4 -3 
406 0 -1 -1 -1 -2 0 1 -1 1 1 1 1 0 -1 -1 0 1 -1 2 0 
407 3 -3 -2 -2 -3 -1 2 1 -3 -3 -2 -2 -3 -4 2 2 2 -4 -3 -1 
408 1 -1 -2 -3 -4 0 -1 5 0 -3 -2 -1 -3 -1 0 -1 -2 -4 -3 -2 
409 0 -2 2 2 -3 3 3 -2 -2 -4 -3 0 -3 -4 -2 1 0 -4 -3 -3 
410 -1 -1 0 -2 -2 0 0 0 -3 1 -1 0 0 -3 -3 1 3 -3 -3 1 
411 0 -1 -2 -3 -2 1 -2 -2 0 1 1 1 1 -1 -3 -1 -1 -2 1 2 
412 0 -2 -1 -2 -3 2 -1 -3 -3 -2 -3 0 -1 -4 3 2 4 -4 -1 -2 
413 -1 -4 -4 -3 -3 -4 -3 -5 -4 3 3 -4 1 2 -2 -3 -2 -4 -2 3 
414 -1 -1 1 -2 -3 2 -1 -1 1 0 -1 -1 0 -2 -2 1 3 1 -1 1 
415 4 -2 -3 -3 -2 -2 -3 -2 -3 0 0 -2 0 -1 1 0 -1 -4 -1 2 
416 -2 -1 2 -2 -3 3 -1 -2 -3 0 -1 0 -1 -4 0 2 3 -4 -3 0 
417 0 -4 -1 -1 0 -4 -4 -2 -4 3 1 -4 -1 0 -4 -2 0 -4 -3 5 
418 -1 1 3 1 -3 2 0 -2 -2 -2 -2 2 -2 -4 -1 1 2 -4 -2 -1 
419 2 -2 1 2 -3 -2 -2 2 -2 -4 -4 0 -3 -4 -1 3 2 -4 -3 -3 
420 1 1 0 -1 -3 1 -1 0 -1 -3 -3 5 -3 -4 -2 -1 0 -4 -3 0 
421 -1 -1 -2 -4 -4 1 -2 -3 3 -2 -2 0 -3 -1 -2 0 -1 -2 7 -1 
422 2 -3 -2 -1 -3 -3 -2 5 -3 -4 -3 -2 -3 -4 4 -1 -1 -4 -4 -3 
423 -1 -2 -1 -4 -2 -3 -3 -4 -3 2 4 -3 0 0 -3 -3 0 -3 -2 3 
424 0 1 0 2 -3 1 2 0 -2 -3 -2 2 -2 -3 -1 0 0 -3 -2 -1 
425 0 4 2 -1 -3 0 0 0 2 -3 -3 1 -2 -3 0 1 1 -3 -2 -2 
426 -2 -3 -2 -3 -3 -3 -3 -4 -3 5 1 -3 0 0 -2 -3 -2 -3 1 3 
427 -1 0 0 2 -3 2 3 -2 0 -1 -2 -1 -2 -3 -2 1 1 -3 -2 1 
428 -3 -2 -4 -5 -4 -4 -4 -4 -4 -1 -2 -4 -3 -2 -4 -4 -3 12 -1 0 
429 -1 -1 2 3 -3 2 2 -2 0 -3 -2 -1 -2 -3 -2 2 0 -3 -3 -2 
430 3 -1 -1 2 -2 -1 -1 1 -2 -1 -2 -2 -1 -3 -2 1 1 -3 -3 -1 
431 3 -2 0 1 -2 -1 -1 0 -2 -2 -3 -2 -2 -3 3 2 1 -3 -3 0 
432 1 -1 1 0 -2 1 2 1 -2 -2 -2 0 -2 -3 -1 1 0 -3 -2 -1 
433 -1 -2 -2 -3 -2 -3 -3 -3 -3 0 4 -2 0 2 -3 -1 -1 3 -1 0 
434 0 0 -1 0 -2 0 -1 -2 0 2 1 -1 1 0 -2 0 1 -2 -1 1 
435 4 -1 0 -1 -2 1 -1 -1 -2 -2 -1 -1 -2 -2 0 1 0 -2 -2 -2 
436 4 -2 1 -2 -1 0 -1 0 -1 -1 -2 -1 -2 -2 -2 0 1 -2 0 0 
437 1 -3 0 -2 -3 -1 -2 6 -3 -3 -3 -2 -3 -3 -2 -1 -1 -3 -3 -3 
438 -2 -3 -1 -3 -3 -3 -3 6 -2 -4 -4 -2 -3 -3 -2 -1 -2 -3 -3 -3 
439 0 0 1 -1 -3 2 1 -1 -1 -3 -3 3 -1 -2 -1 1 2 -3 0 -1 
440 1 -3 -3 -3 -2 -3 -3 -1 -3 4 2 -3 0 0 -3 -2 0 -3 -1 2 
441 0 -1 1 -2 -3 0 -1 -2 1 1 -2 0 -1 -3 -3 1 4 -4 -3 1 
442 1 -1 -1 0 -2 1 0 0 2 -1 -1 -1 -2 -3 2 1 0 -3 -2 1 
443 -1 -2 0 2 -2 2 0 0 -1 0 1 -1 -1 -1 -2 0 1 -3 -2 0 
444 2 -1 1 1 -3 -1 -1 1 -2 -3 -3 -2 -3 -3 0 4 1 -3 -3 -3 
445 1 -2 2 1 -3 1 -1 2 -2 -2 -2 0 -1 -2 1 0 0 -3 -3 -1 
446 0 -1 1 -1 -2 0 -1 3 -1 -2 -2 -1 -2 -3 -1 0 3 -3 -3 -1 
447 0 -1 3 1 -3 2 0 0 2 -2 -2 1 -2 -3 -2 1 1 -3 -2 -1 
448 0 -4 -2 -3 -4 -4 -4 -3 -3 1 -1 -4 -2 2 -2 -1 -3 9 4 1 
449 0 0 2 0 -3 2 0 -1 0 -2 -2 0 -1 -3 -2 2 2 -4 -3 -1 
450 -1 -2 -2 -4 -3 -3 -4 -3 -4 3 2 -3 0 1 -4 -2 -2 2 0 4 
451 -1 -2 -2 -3 -3 1 -1 -1 -3 1 -1 0 -1 -3 -2 -1 5 -4 -3 0 
452 -1 -3 -1 -4 -3 -3 -4 -4 -4 2 4 -3 1 0 -1 -3 -1 -3 -1 2 
453 -2 -4 -1 -1 -4 -3 -3 -3 -4 -4 -4 -2 -4 -4 7 -2 0 -4 -4 -2 
454 3 -2 -1 -1 -2 0 1 -1 -1 -3 -2 0 -2 -2 4 1 0 -3 -2 -2 
455 1 -3 -2 -2 -3 -2 -2 -3 0 -3 -2 -2 -2 0 -2 0 -1 4 7 -1 
456 0 2 0 1 -2 3 0 -2 0 0 -1 2 -1 -2 0 -1 1 -3 -2 -1 
457 0 0 0 -1 -2 0 -1 -2 0 0 1 -1 0 1 2 0 0 -1 1 0 
458 1 -1 0 1 -2 1 0 1 -1 -1 -1 0 0 -2 0 1 1 -2 -2 -1 
459 1 0 0 0 -1 1 0 1 0 -1 -1 0 -1 -1 1 1 0 -1 0 -1 
460 0 0 0 0 -1 2 1 0 0 -1 -1 1 0 -1 0 0 1 -1 -1 -1 
461 0 0 -1 -1 -1 0 0 0 -1 0 0 0 0 -1 1 0 0 -1 -1 1 
462 0 0 0 0 -1 1 0 0 0 0 0 0 0 -1 0 1 0 -1 0 0 
463 0 1 0 0 -1 0 0 0 0 -1 -1 0 0 -1 0 1 0 -1 0 0 
464 0 0 0 0 0 0 0 0 0 0 0 0 0 0 0 0 0 0 0 1 
465 0 0 0 0 -1 0 0 0 0 0 0 0 0 0 0 0 1 0 0 0 
466 0 0 0 2 -1 0 1 0 0 -1 -1 0 0 -1 0 0 0 -1 0 -1 
467 0 0 1 2 -1 0 1 0 -1 -1 -1 0 -1 -1 1 0 0 -1 -1 -1 
468 0 -1 0 -1 -1 0 0 0 -1 0 2 -1 1 -1 -1 0 0 0 -1 0 
469 1 -1 0 -2 -2 0 -1 2 0 -2 -2 0 -2 -2 2 1 2 -3 -2 -1 
470 2 -2 2 2 -3 0 1 0 -1 -1 -1 0 -2 -3 -1 1 0 -3 -1 0 
471 -1 -3 7 -2 -4 -1 -3 3 -3 -5 -5 -1 -4 -5 -4 -1 -2 -5 -4 -3 
472 0 0 0 0 -2 0 1 -2 -2 0 -1 -1 -2 -1 -1 2 3 -3 0 0 
473 -2 -3 -1 -2 -4 -3 -3 -2 3 -3 -2 -4 -3 1 -4 -3 0 3 7 0 
474 0 2 1 -1 -3 0 0 -1 1 -1 -3 0 -2 -3 1 2 3 -3 -2 -1 
475 -2 -4 -4 -4 -3 -4 -4 -5 -4 4 4 -1 -1 0 -3 -3 -2 -3 0 3 
476 1 -1 0 -2 -3 -1 -1 -1 -2 -1 -3 -1 -2 -4 -3 4 4 -4 -1 -2 
477 4 -3 -3 -1 -2 -2 -3 2 -4 -1 -1 -3 -2 -4 -3 -1 -1 -5 -4 3 
478 0 0 -1 -3 -3 0 -1 -1 -3 1 -1 -2 -1 -2 -2 0 4 -4 -3 2 
479 5 -4 -3 -4 -3 0 -3 -1 -4 0 -2 -2 -2 -4 -4 -1 -1 -5 -2 2 
480 -1 -1 -1 -2 -3 0 -1 -4 -2 1 -2 -1 -2 0 -1 0 2 1 4 2 
481 -1 -4 0 7 -5 -3 -1 -3 -4 -2 -3 -4 -5 -6 -4 0 -1 -6 -5 -3 
482 1 0 2 -1 -3 0 -1 -1 1 0 -2 1 -2 -3 -1 1 2 -4 -3 0 
483 1 1 1 1 -3 3 0 -1 2 -2 -3 3 -2 -3 -2 1 -1 -4 -2 -2 
484 -2 -5 -2 -3 -5 -1 -4 7 -3 -5 -5 -4 -5 -2 -5 -3 -4 -5 -2 -3 
485 -2 0 7 -1 -1 -1 -3 -2 0 -5 -5 -1 -4 -5 -4 0 -1 -5 -2 -1 
486 1 2 0 -1 -2 1 -1 -1 -1 0 -1 0 0 -1 0 1 1 -3 -1 1 
487 1 -3 -1 -2 -3 -1 -2 0 -1 -2 -4 -2 -3 -2 -2 5 1 -4 -2 0 
488 -1 1 5 -1 -3 -1 0 -2 -2 -2 -3 0 -3 -2 1 1 2 -4 -2 -3 
489 0 2 2 0 -3 0 -1 -1 -1 -1 -3 -1 -3 -4 1 3 1 -4 -1 -1 
490 2 -1 1 -1 -3 -1 1 -1 -2 -1 -2 -2 -1 1 0 1 1 -3 -1 1 
491 -1 0 0 0 -3 1 1 -1 0 0 -1 -1 0 -1 -1 0 2 -3 0 1 
492 0 -3 -1 -2 -1 -1 -2 -2 -3 1 1 -2 3 1 -3 1 3 -3 0 1 
493 -1 0 0 1 -3 1 1 -3 1 -1 -1 -1 0 -3 0 1 3 -1 -1 0 
494 0 -4 -4 -2 -3 -2 -4 -4 -4 4 1 -4 -1 -1 0 -2 -1 -4 -3 4 
495 -1 -2 0 2 -3 -1 0 -3 -1 0 -1 -1 0 -1 -1 1 3 -4 -1 1 
496 -1 -2 -4 -2 -3 -4 -4 -3 -5 2 -1 -4 0 1 -2 -2 0 -4 -3 6 
497 0 -1 1 0 -2 2 -1 0 -2 0 0 -1 0 -3 -2 1 3 -3 -2 0 
498 0 0 1 1 -3 2 -1 0 2 -2 -2 0 -2 -3 3 1 -1 -3 0 -2 
499 0 -1 0 -1 -3 0 -1 -1 1 -1 0 -2 0 -2 4 1 -1 -3 -1 -1 
500 0 0 0 1 -3 2 0 0 -1 -2 -2 1 -1 -3 1 0 2 -3 -3 -1 
501 0 -2 -3 -3 -2 -1 -1 -2 -2 2 2 -1 2 -1 -2 -1 0 -1 -1 2 
502 0 -2 1 -1 -3 -1 -1 0 -1 -1 -3 -1 -1 -2 0 3 3 -1 -1 -1 
503 0 -1 -2 -2 -2 0 -2 -2 -3 2 2 -2 -1 1 -1 0 1 0 -2 2 
504 -1 0 1 1 -3 -1 -1 -1 1 1 -1 -1 -2 -3 -1 0 3 -2 -3 0 
505 1 -1 0 1 -2 -1 -1 0 0 0 1 -1 0 0 1 0 1 -2 -2 0 
506 2 -1 0 -1 -2 1 0 -2 -2 -1 -1 0 0 -3 0 2 1 -3 -2 0 
507 -1 -2 -2 -1 -3 -1 -1 -3 -3 1 2 -2 0 1 0 -1 1 -3 -2 3 
508 0 -3 -1 -1 -3 -1 -2 -1 -3 2 0 -2 -1 0 0 2 3 0 -3 0 
509 1 0 0 1 -3 0 -1 2 1 -2 -1 0 -2 -3 0 1 1 -3 -3 -1 
510 -2 -3 4 6 -5 -1 0 -2 -3 -2 -5 -1 -4 -5 -1 -1 -1 -5 -4 -1 
511 -1 -1 3 2 -3 0 -1 3 0 -2 -3 0 -3 -3 -1 0 0 -4 -1 -2 
512 1 -1 0 0 -2 0 -1 -1 -2 1 0 -1 0 -2 0 1 0 -3 -1 1 
513 0 0 -1 -1 -2 -2 -1 -3 -1 1 1 0 0 -1 2 -1 -1 1 -2 1 
514 4 -3 0 -1 -3 0 0 -1 -3 -1 -2 0 0 -3 0 0 0 -4 -1 -1 
515 0 -3 4 5 -4 -1 0 -2 -1 -4 -3 -2 -4 -4 -2 0 -1 -1 -2 -2 
516 1 -3 1 0 -3 -3 -2 5 -3 -2 -3 -3 -3 -4 -3 0 -1 -4 -2 -2 
517 0 0 1 0 -2 1 0 -1 0 -1 -1 2 -1 -2 -1 1 1 -3 -2 0 
518 1 -2 1 3 -3 -1 1 -2 -1 -2 -2 -1 -2 -1 -2 2 2 -3 -1 -2 
519 1 -2 0 0 -3 1 0 0 -1 -1 -2 0 -2 -2 1 0 3 -3 0 0 
520 0 -1 2 0 -3 1 -1 -2 -1 2 0 0 -1 -1 -3 0 0 -3 0 1 
521 1 -1 0 0 -3 2 0 -2 0 -1 -1 0 0 -3 1 0 3 -4 -3 -1 
522 0 -2 -2 -3 -2 -2 -3 -2 -3 2 2 -3 -1 2 -1 -2 -1 -2 1 2 
523 0 1 0 0 -3 1 0 -1 0 -1 -2 1 -2 -4 -1 1 4 -4 -2 0 
524 2 -3 -3 -4 -3 0 -3 1 -3 0 2 -3 -1 1 2 -2 -2 0 -1 1 
525 -1 0 -1 -2 -3 0 -1 -3 0 0 0 0 -1 -3 -3 1 4 -4 -1 0 
526 1 -4 -4 -4 -1 -3 -4 -2 -4 2 3 -4 -1 -1 -2 -2 -1 -4 -3 4 
527 0 2 1 -2 -3 1 0 -2 -1 -2 -2 2 -1 -3 -2 1 2 -3 -1 0 
528 -2 -3 1 6 -3 -2 -1 2 0 -2 -3 0 -3 -4 -1 -1 -1 -4 -3 -3 
529 1 0 0 1 -2 0 1 0 1 -1 -1 0 -1 -1 -1 1 1 -2 -1 -1 
530 0 0 3 1 -3 0 1 0 0 -2 -2 0 -1 -2 -2 1 1 -3 1 -2 
531 -1 -3 2 -1 -4 -3 -2 6 0 -4 -4 -2 -4 -4 -3 -1 -1 -4 -4 -4 
532 -1 0 3 -1 -3 2 0 -1 0 -1 -1 2 -1 -3 -2 0 1 -3 -3 0 
533 2 -2 -1 -3 -4 -3 -3 -1 -4 -2 -2 -2 -3 -4 6 0 0 -4 -2 0 
534 0 -3 -3 -1 -2 0 0 -2 -3 3 1 -1 2 -1 -1 -2 -1 -3 -2 3 
535 2 -1 0 1 -3 0 0 -1 -2 -1 -1 0 -2 -3 3 1 0 -4 -3 -1 
536 -1 -1 3 1 -4 -1 -1 4 0 -1 -2 -2 -1 -4 -3 -2 -1 2 -3 -1 
537 1 0 0 1 -2 2 0 -1 2 -1 -1 0 1 -2 -1 0 0 -3 -1 1 
538 1 0 -1 -1 -2 1 1 -1 -2 -1 -1 0 -2 -2 1 0 3 1 0 0 
539 -1 -2 -1 0 -3 -1 -3 -2 -1 2 0 -2 -1 -3 -2 -1 0 -4 -1 5 
540 0 1 1 0 -2 1 0 -2 1 0 0 0 1 -2 -2 0 1 -3 0 0 
541 -1 -1 -3 -1 -3 -2 -1 -1 -3 2 0 -2 1 2 -3 -1 -1 6 1 1 
542 0 1 0 0 -3 0 0 -2 0 -1 -2 1 0 -2 -2 1 2 -3 1 0 
543 0 -1 -1 2 -2 -1 -1 -2 0 0 1 -1 0 -1 -1 1 2 0 0 1 
544 0 -1 3 2 -3 0 0 1 0 -2 -3 0 0 -3 1 0 1 -3 0 -1 
545 0 -2 3 1 -3 1 1 2 -1 -3 -1 -1 -2 -3 -2 1 1 -4 -3 -1 
546 0 -1 1 -1 -2 1 0 5 -1 -4 -4 0 -3 -3 -1 0 0 -4 -3 -3 
547 3 0 -1 -1 -3 -1 -1 -2 -3 -1 -1 0 -2 1 -2 1 2 -3 -1 0 
548 -1 -1 0 0 -2 0 0 -2 -2 1 1 1 0 -1 0 0 1 -2 -2 1 
549 -1 0 -1 -2 -2 -1 -1 0 -2 1 0 -1 -1 -1 4 0 0 -2 -2 1 
550 0 0 1 0 -2 0 0 0 -1 0 -1 1 -1 -2 1 1 0 -2 -2 -1 
551 0 -1 1 -1 -2 0 0 0 0 0 0 0 0 -1 1 1 1 1 -1 0 
552 0 -2 -1 -1 -2 -1 0 0 -1 1 1 -1 0 1 -2 0 0 0 2 1 
553 -1 0 -1 0 -3 1 0 0 -3 -2 -3 0 -1 -4 -2 2 4 -4 -3 -1 
554 1 -2 -1 -1 -3 -1 2 1 -1 -1 -1 -1 0 -3 -1 0 1 -1 0 0 
555 -1 0 1 -1 -3 1 0 -3 -1 1 -1 2 -1 -1 -1 0 2 -1 -2 1 
556 -1 -4 -2 -4 -1 -1 0 -4 -4 -1 -3 -2 -1 -4 0 1 6 -5 -4 2 
557 -2 -2 3 5 -4 0 0 0 -1 -2 -4 -1 -4 -5 -3 -1 0 -5 -4 -3 
558 3 -1 0 -1 -3 1 1 0 -1 -3 -4 0 -3 -4 -1 2 1 -4 -3 -1 
559 0 0 3 3 -4 2 0 -3 0 -4 -4 0 -1 -4 1 2 -1 -5 -2 -3 
560 -3 -5 -1 -2 -6 -5 -5 7 -5 -7 -5 -3 -6 -6 -2 -3 -5 -6 -6 -6 
561 -1 -1 1 -2 -3 2 0 -2 -2 1 0 1 -1 -1 -3 -1 0 -4 -1 3 
562 4 -3 -4 -4 -3 0 -3 -2 -1 -1 -2 -3 -3 -1 -3 -1 -1 7 4 -1 
563 -1 2 0 -1 -3 2 1 -3 -1 -2 -2 0 -2 -1 -1 1 3 -4 -3 -1 
564 1 -2 -3 -4 -3 -3 -3 -3 -3 2 0 -1 0 2 -3 0 1 0 -1 3 
565 1 -1 0 0 -3 1 -1 -1 0 -1 -1 -1 0 -1 -1 1 4 -3 -1 0 
566 -2 -4 -4 -4 -3 -4 -4 -4 -4 2 4 -4 -1 2 0 -3 0 -3 0 2 
567 -2 -1 -1 -1 -4 -2 -2 -1 -4 -2 -2 0 -1 -4 2 1 5 -4 -4 -2 
568 2 -3 2 -1 -3 0 -2 1 0 -4 -3 -1 -3 -4 0 4 0 -4 -3 -2 
569 -1 -2 0 0 -3 0 -1 -1 0 -2 1 -1 1 -1 -2 1 3 0 0 -1 
570 1 1 -1 -1 -3 1 0 -2 1 0 -1 2 1 -2 0 -1 2 -3 -2 0 
571 3 -1 -1 3 -3 -1 -1 -2 -1 -1 -3 -2 -3 -3 2 1 -1 -4 -3 1 
572 -2 -3 0 -2 -5 -3 -2 7 -4 -4 -5 -3 -2 -5 -5 -2 -4 -5 -5 -3 
573 0 -1 0 0 -3 2 2 -2 -2 0 -2 -1 -2 -3 -1 1 2 -4 -3 1 
574 0 -1 -1 -1 -3 0 -1 -1 3 0 -1 -2 -2 1 -3 0 1 0 3 2 
575 0 0 0 -2 -3 -1 0 -3 -1 0 -1 0 0 -3 0 1 3 -4 -3 2 
576 -3 -4 -2 -4 -3 -4 -3 -4 -4 3 2 -3 0 1 -4 -3 -1 -3 0 4 
577 -1 -2 -1 -3 -3 0 -2 -3 -2 -2 -3 0 0 -1 -2 2 5 -4 -1 -1 
578 4 -4 -4 -4 -2 -3 -2 -2 -4 0 -1 -2 -1 -2 2 -1 -1 -4 -4 2 
579 -1 0 -1 -2 -1 1 1 -2 -2 0 -2 1 -1 -4 -1 3 3 -4 -3 -1 
580 1 -3 -4 -3 -3 -3 -3 -4 -4 3 1 -2 2 0 -4 -2 -1 -3 0 3 
581 0 0 3 2 -3 1 1 1 1 -3 -2 0 -3 -4 -2 1 2 -4 -3 -3 
582 -2 -4 2 1 -4 -2 -2 5 -1 -5 -5 -2 -4 -5 -4 1 -2 -4 -4 -2 
583 -1 -2 4 0 -3 2 -1 0 0 -1 -1 1 1 -2 -2 0 0 0 -2 0 
584 0 1 1 0 -3 0 0 -2 -2 -1 -1 0 -1 -3 -1 2 3 -3 -1 0 
585 2 0 1 -1 -3 3 0 -1 0 -2 -1 1 -2 -1 -1 0 0 -3 -2 -1 
586 1 -1 0 0 -1 0 -1 -2 -2 -1 -3 -2 -2 -2 0 3 3 -3 -2 -2 
587 1 -1 -1 0 -1 1 -1 0 -1 1 0 -1 0 -2 -1 0 0 -3 -2 2 
588 1 -1 1 3 -3 0 0 -1 -2 -2 -2 0 -1 -3 1 0 2 -4 -3 0 
589 0 -2 -2 -2 -2 -1 -2 -1 -3 1 0 -2 0 1 -2 0 2 -3 0 2 
590 0 -1 2 0 -3 1 0 -3 3 1 -1 0 -1 -3 -1 0 3 -3 -1 0 
591 -3 -4 -2 -4 -4 -4 -2 -3 -3 1 1 -1 -1 7 -1 -2 -2 -2 0 1 
592 0 -2 0 0 -3 -2 -1 -2 -2 2 0 -2 -1 -1 -3 -1 1 -4 -2 3 
593 3 -1 0 0 -3 0 -1 -1 -1 0 -2 1 -1 -3 2 1 1 -4 -3 0 
594 1 -2 1 3 -3 1 0 2 -2 -2 -2 -2 -3 -3 1 0 0 -4 -3 -2 
595 1 -2 0 0 -3 -1 0 -2 -1 -1 -2 -1 -1 -3 3 2 3 -4 -3 -1 
596 2 -2 -1 -2 -2 0 -1 -2 -3 2 0 -2 1 -1 1 1 0 -3 -2 1 
597 2 -1 1 1 -2 -1 -1 -1 -2 -1 -2 1 0 -3 0 2 2 -3 -2 -1 
598 3 -2 -1 -1 -2 -1 -1 -2 -2 -1 0 -1 -1 -2 2 0 0 -3 -1 1 
599 0 -1 0 3 -2 1 1 0 0 -1 -2 0 -1 -1 0 0 1 -2 -2 -1 
600 -1 -1 1 0 -2 1 0 -1 1 1 -1 2 -1 -2 0 0 0 -2 -1 1 
601 1 -1 0 0 -2 -1 -1 -1 -1 -1 -2 -1 -2 -2 2 3 2 -2 -2 0 
602 0 -1 0 0 -2 -1 0 -1 -2 -1 -1 -1 -1 -1 -1 2 4 -3 -2 -1 
603 -1 -3 -3 -3 -2 -3 -2 -3 -3 3 3 -2 1 1 -3 -2 -1 -2 -1 2 
604 0 -1 1 1 -2 0 -1 0 -1 0 -1 -1 -1 -1 -2 2 2 -3 -1 1 
605 2 -2 -2 -2 -2 -2 -1 -1 -3 2 0 -1 1 -1 0 0 -1 -2 -2 3 
606 0 -2 2 2 -2 -1 0 -2 -2 0 -1 -1 0 0 -2 1 2 -3 -2 1 
607 0 0 1 0 -3 0 0 -1 -2 -1 -2 1 -1 -2 4 0 2 -3 -3 -2 
608 -1 -2 4 4 -3 -1 0 -1 -2 -3 -2 -1 -2 -3 0 0 2 -4 -3 -1 
609 -1 -1 4 2 -3 0 -1 2 -2 -2 -3 0 -2 -4 -2 2 0 -4 -2 -1 
610 3 -2 0 -2 -2 0 -1 -1 -3 3 0 -1 1 -2 -2 0 -1 -1 -1 1 
611 -1 -1 -2 -2 -3 -2 -2 -2 -2 2 2 -1 0 -1 2 -2 0 -3 -1 3 
612 5 -2 1 -3 -3 -1 -3 -2 -1 -2 -1 -3 -1 -3 -3 -1 -1 -4 -3 0 
613 -1 -2 4 5 -4 -1 0 -1 -2 -4 -4 -2 -3 -4 -3 -1 0 -4 -3 -3 
614 0 -2 1 -1 -3 -1 -2 6 -3 -2 -4 -2 -3 -4 -3 -2 -2 -3 -4 -3 
615 0 0 1 0 -2 2 0 -1 -1 1 -1 0 0 -2 -1 1 1 -2 -2 0 
616 1 -2 1 4 -3 1 0 -2 -3 -1 -3 -1 -1 -4 -3 2 0 -4 -3 -1 
617 2 -1 -2 0 -3 0 2 1 -2 -2 -2 0 -3 -4 1 1 3 -4 -3 -2 
618 0 -2 4 0 -3 0 -2 -1 -1 0 -1 -1 -2 -1 -1 1 1 -4 1 0 
619 0 -1 -1 -2 -3 1 0 -2 -1 0 -1 1 0 -3 -2 1 4 -4 -3 1 
620 1 -3 -3 -3 -3 -3 -3 -3 -3 2 2 -3 0 1 -4 -2 -1 0 2 3 
621 0 1 -1 -1 -4 2 0 -3 -1 -2 -3 1 -3 -4 0 0 4 -4 -2 -2 
622 3 -3 -4 -4 -3 1 -3 0 -3 0 2 -3 -1 0 -1 -2 -2 -4 -1 3 
623 -2 -1 0 -1 -3 1 -1 -3 1 0 -1 0 -2 -2 -3 -1 5 0 -2 1 
624 1 -4 -5 -5 -1 -4 -4 -5 -5 1 3 -4 -1 -1 -4 -3 -1 -4 -3 5 
625 -1 1 -1 -2 -3 0 0 -3 -3 -2 -2 3 2 -3 -2 0 4 -4 -1 1 
626 -3 -4 0 7 -4 -3 -2 2 -3 -4 -5 -3 -4 -5 -2 -2 -2 -5 -4 -4 
627 2 -1 0 0 -3 0 0 1 -2 -2 -2 2 -2 -3 -2 2 1 -4 -2 -2 
628 -1 -2 3 1 -3 0 -1 -1 1 -3 -2 -1 -3 1 -3 2 1 0 3 -2 
629 -2 -2 2 0 -4 -2 -2 6 0 -5 -5 -2 -4 -5 -4 0 -1 -5 -5 -4 
630 -1 -1 6 -1 -4 2 -2 -1 2 -2 -3 1 -4 -3 -4 -1 0 -5 -4 -3 
631 2 -4 -2 -3 -4 -3 -2 -3 -4 -3 0 -3 -3 -3 6 -1 -1 -5 -4 0 
632 -1 -2 -3 -3 -3 0 1 -3 -3 3 1 -3 1 -2 -1 -2 -1 -4 -2 4 
633 3 -1 -1 -1 -3 -1 0 -2 -3 -2 -4 0 -2 -3 4 1 1 -4 -4 -2 
634 -2 -4 4 1 -5 -3 -3 5 1 -5 -4 -2 -5 -5 -4 -1 -3 -5 -3 -4 
635 2 -1 -2 -1 -3 3 0 -3 0 0 0 -1 -1 -3 -3 0 0 -3 -1 2 
636 0 -1 2 1 -3 -1 1 -1 -1 -1 -2 -1 -1 -3 1 1 3 -4 -3 -1 
637 -2 -4 -3 -3 -4 -3 -5 -4 -5 1 -2 -5 -2 -4 -3 -3 -1 -2 -4 7 
638 1 -1 1 0 -3 -1 -1 -2 1 -1 -2 0 -2 -3 0 2 4 -4 -1 -1 
639 -2 -4 -5 -5 -4 -1 -4 -5 -2 3 0 -4 -2 6 -5 -4 -4 7 0 2 
640 0 -1 1 1 -3 0 -1 -2 -2 -1 -2 -1 -1 -2 -1 3 3 -3 0 0 
641 1 -2 -1 0 -2 -1 -2 -2 -3 1 1 -2 0 -1 -3 1 2 0 -2 1 
642 0 -2 3 3 -3 -2 -1 0 -1 -3 -3 -2 -3 -4 0 2 3 -4 -3 -2 
643 -1 -1 2 0 -2 -1 -1 1 0 0 1 0 0 0 -2 0 -1 -2 -2 0 
644 0 -3 2 0 -3 -1 -1 5 -2 -2 -4 -1 -3 -4 -2 0 1 -4 -4 0 
645 1 -1 2 0 -3 0 0 -1 1 -1 -2 1 0 -3 -1 1 3 -3 -2 -1 
646 -1 -2 -1 -2 -2 -1 -2 -2 -3 2 1 -2 1 1 1 0 2 0 -2 2 
647 1 -2 0 -1 -3 0 -2 2 -1 -1 -2 -2 -2 -2 -2 2 2 -2 3 -1 
648 1 -1 0 -1 -2 0 -1 -1 -1 -1 -1 0 -1 -1 -2 2 2 -3 -2 1 
649 1 -2 -1 -3 -2 0 -2 -1 -3 2 0 -1 -1 -1 -2 -1 1 2 -2 2 
650 -2 -2 -1 -3 -3 1 -1 -3 -3 -1 -2 1 -1 -4 -2 1 6 -1 -3 -1 
651 0 -2 1 4 -3 0 1 -1 -2 -1 -3 -1 -2 -3 -2 0 2 -4 -3 1 
652 0 -1 2 3 -3 2 1 0 0 -1 -2 0 -2 -3 -1 0 0 -3 -2 -2 
653 2 -2 2 1 -3 0 2 0 -1 -3 -3 1 -3 -4 0 1 -1 -4 -3 -2 
654 -1 -1 3 3 -3 0 0 0 1 -3 -3 0 -3 -3 0 0 1 -4 -3 -2 
655 -2 -5 -3 -4 -5 -4 -3 7 -4 -5 -5 -4 -5 -5 -4 -3 -4 -5 -5 -5 
656 -1 1 1 -1 -2 1 0 -3 -2 1 -1 0 -1 -1 -2 1 2 -3 0 1 
657 3 -4 -4 -5 -4 -4 -4 -4 -3 -1 -1 -4 -3 -1 -4 -2 -3 8 5 0 
658 -1 -1 0 -2 -3 1 0 -2 -1 0 -2 -1 -3 -4 -3 3 4 -2 -3 -1 
659 3 -3 -1 -3 -2 -2 -3 -2 -3 1 1 -3 1 1 -3 -1 0 -3 -1 3 
660 1 -2 2 -1 -3 1 0 -3 -3 -3 -2 1 -3 -4 1 1 4 -4 -2 -2 
661 -1 -4 -4 -4 -3 -3 -4 -4 -4 2 4 -3 -1 2 -1 -3 -1 0 0 2 
662 -2 -2 -1 0 -3 -1 -2 -2 -3 -1 -3 1 -2 -4 3 1 5 -4 -4 -2 
663 2 -1 1 0 -3 -2 -2 1 -3 -3 -4 -2 -3 -4 2 4 0 -4 -3 -2 
664 0 -3 -1 -2 -3 0 -1 -1 -3 -1 2 -1 -1 -1 -3 1 4 -3 -2 -1 
665 1 1 -1 -1 -3 1 -2 -2 -2 -1 -1 1 0 -3 0 1 3 -3 -1 1 
666 4 -2 0 1 -3 0 0 -2 -3 -1 -2 -1 -2 -4 2 0 0 -4 -3 -1 
667 -2 -4 -2 -1 -5 -2 0 6 -2 -4 -6 -1 -5 -5 -4 -3 -2 -5 -5 -4 
668 0 -1 1 0 -3 0 1 -3 -2 0 -2 1 -2 -3 -1 2 3 -4 -3 1 
669 2 -3 -1 -2 -3 -1 -2 -2 3 0 0 -2 -2 -1 -3 0 1 -3 2 2 
670 -1 0 2 -1 -3 0 0 -3 -1 0 -1 0 -2 -3 -1 1 4 -1 -3 1 
671 -3 -4 -5 -5 -3 -4 -4 -4 -5 4 1 -4 -1 0 -4 -4 -1 -4 -1 5 
672 -1 1 0 -3 -3 -1 0 -1 -3 -2 -3 -1 0 -3 -2 3 5 -4 -2 -1 
673 4 -4 -4 -4 -1 -3 -3 -3 -4 0 -1 -3 -2 -2 1 -2 -1 -4 -3 4 
674 -1 0 0 -1 -3 2 -1 -3 -1 -1 -2 1 -1 -1 -2 2 3 -3 -2 0 
675 2 -3 -2 -2 -2 -3 -3 -2 -3 2 1 -3 -1 -2 -3 0 0 -3 -2 4 
676 -1 -2 2 2 -3 0 1 1 -2 -2 -3 -1 -3 -4 0 2 2 -4 -3 -1 
677 -1 -1 1 4 -4 0 0 4 -3 -4 -4 -2 -3 -3 -2 0 1 -4 -4 -2 
678 1 -1 0 -1 -2 1 0 1 0 -1 -2 0 1 -2 0 1 1 0 0 0 
679 3 -1 1 0 -2 1 -1 -1 -2 -1 -2 0 -1 -1 0 1 1 -3 -1 -1 
680 0 -2 -1 -2 -2 -1 -1 3 -2 0 0 0 -1 1 -1 0 0 -2 0 -1 
681 1 -1 2 0 -2 0 0 1 -1 -2 -2 0 -2 -2 0 2 1 -3 -2 -1 
682 1 -1 -1 -1 -2 0 1 0 -2 0 -1 -1 0 -2 0 0 1 -2 -2 2 
683 1 0 0 0 -2 1 0 0 -1 -2 -1 1 -1 -3 2 0 1 -3 -2 -1 
684 2 -2 0 0 -2 1 0 0 -2 -3 -3 -2 -2 -2 2 3 3 -3 -2 -2 
685 2 -1 -1 -1 -1 1 -1 0 0 -1 -1 0 -1 -2 0 0 0 -3 -2 2 
686 0 -1 1 1 -3 0 2 -1 -2 -1 -3 0 -2 -3 1 1 3 -3 -3 -1 
687 0 -3 -3 -3 -3 -2 -3 -3 0 3 1 -3 1 2 -3 -2 -1 -1 -1 4 
688 -1 -2 3 0 -3 -1 1 -2 -1 -1 -1 0 -2 -3 -2 0 4 0 -3 0 
689 -2 -4 -3 -4 -3 -4 -4 -3 -3 2 2 -4 -1 6 -4 -2 -3 0 -1 1 
690 -1 -1 -1 0 -2 -1 -1 -3 -1 2 -1 0 0 1 -2 0 2 -3 -2 2 
691 4 -3 -1 -2 -2 -1 -1 -1 -3 0 -1 -2 -2 -3 1 0 0 -3 -2 1 
692 -1 -3 2 6 -4 -2 -1 2 -3 -4 -4 -1 -3 -4 -1 -1 0 -4 -4 -2 
693 1 0 1 -1 -2 -1 -1 -1 -1 -1 -1 0 -1 -2 3 1 2 -3 -1 -1 
694 1 0 0 0 -1 0 0 -1 -2 0 0 -1 0 -2 0 1 2 -2 -2 1 
695 0 -1 -1 -1 -1 0 -1 -1 -1 -1 -1 -1 0 -1 4 0 2 -1 -1 0 
696 0 -1 1 3 -2 -1 0 -1 -1 -1 -1 -1 -1 0 2 0 1 -2 -1 0 
697 2 -1 -1 -1 -2 0 1 0 -2 0 -1 -1 -1 -1 2 0 1 -2 -1 0 
698 2 0 -1 0 -2 0 0 0 -1 0 -1 0 -1 -2 -1 1 1 -2 -2 1 
699 0 1 0 -1 -2 1 -1 -2 1 0 0 1 -1 -1 0 0 1 -2 -1 1 
700 0 -2 1 0 -3 1 -1 -1 0 -1 -3 -1 -2 -3 1 4 1 -3 -2 0 
701 1 -1 1 1 -2 -1 -1 0 -2 -1 -1 -1 -1 -3 -1 2 2 -3 -3 0 
702 -1 -3 -4 -2 -3 -3 -3 -3 -3 3 4 -2 0 3 -2 -3 -2 -3 -2 1 
703 0 -2 0 -1 -2 0 -1 -1 -1 0 -1 0 -1 -1 -2 1 4 -3 -2 1 
704 0 -2 0 -2 0 -2 -1 -2 -1 2 1 -2 0 -1 -3 -1 0 -3 -2 3 
705 1 -2 3 2 -3 0 0 -2 -2 -1 -2 -2 -1 -2 -2 2 2 -1 -3 -1 
706 -1 1 -1 2 -3 -1 0 0 0 -1 -2 2 -1 -3 3 -1 2 -3 -2 -1 
707 0 -2 2 5 -4 1 0 -1 -1 -3 -3 -2 -2 -4 2 1 0 -4 -3 -3 
708 0 -1 3 2 -3 0 0 2 -1 -3 -3 0 -3 -3 -1 1 1 -3 -3 -3 
709 2 -2 -2 -3 -2 0 -2 -1 -1 2 1 -1 0 -1 1 0 -1 -3 0 1 
710 -1 -2 1 -2 -2 -1 -1 -3 -3 2 1 -1 0 -1 -1 -1 1 -3 -2 3 
711 5 -1 -1 -2 -2 -2 -2 0 -3 -2 -2 -1 -2 -3 -3 1 -1 -1 -3 0 
712 -1 -3 4 5 -4 -1 2 1 -2 -4 -3 -2 -3 -4 -3 -1 -2 -4 -1 -4 
713 0 -3 1 -2 -4 0 -2 5 -1 -3 -4 -2 -3 1 -3 0 -2 -3 -1 -2 
714 0 -1 2 0 -2 2 -1 1 -2 -1 -1 1 -1 -3 -1 1 2 -3 -2 -1 
715 1 -2 1 4 -3 1 0 -1 -1 -2 -2 -1 0 -2 -3 1 1 -4 -2 -1 
716 1 -2 0 0 -3 0 1 -1 -1 -2 -2 0 -2 -4 1 2 3 -4 -3 -2 
717 2 -2 3 1 -3 0 -2 -1 -2 0 0 -1 -1 -1 -3 1 0 -3 -2 0 
718 0 -1 -1 0 -3 1 0 -2 0 1 -1 -1 -1 -3 -2 0 4 -4 -3 2 
719 1 -3 -3 -4 0 -1 -3 -4 -3 2 3 -3 1 0 -4 -2 -1 1 1 2 
720 0 -1 -2 -1 -3 1 0 -2 1 -2 -4 0 -3 -4 -3 2 5 -4 -2 -2 
721 2 -3 -3 -2 -3 0 -3 2 -2 -1 1 -3 -1 1 0 -2 -2 -3 -2 1 
722 -1 -2 -2 -1 -3 1 -2 -3 -2 1 -1 1 -2 -3 -3 1 4 -1 -1 2 
723 1 -4 -4 -4 -1 -3 -4 -4 -4 2 3 -3 -1 -2 -1 -1 -1 -4 -3 4 
724 -1 3 0 -2 -2 0 0 -2 2 -1 -1 2 -1 -2 -2 0 2 -3 -1 1 
725 -3 -3 0 7 -4 -2 -1 1 -3 -4 -4 -1 -4 -4 -2 -2 -1 -4 -4 -4 
726 2 0 -1 -1 -2 0 -1 -1 -2 0 -1 2 -1 -1 -1 1 0 -3 -2 -1 
727 0 -1 4 0 -3 1 0 -1 3 -3 -3 0 -2 -1 -2 1 0 0 2 -2 
728 -1 -3 1 0 -3 -3 -2 6 -1 -4 -4 -2 -3 -4 -3 -1 -2 -4 -4 -2 
729 -3 -1 6 -1 -4 1 -2 0 2 -2 -3 0 -3 -3 -3 -1 0 -4 -3 -1 
730 1 -2 -3 -3 -3 -3 -3 0 -3 -1 -1 -2 -2 -1 5 -1 0 -4 -3 1 
731 -1 -2 -1 -2 -2 -1 0 -1 -3 3 1 -1 1 -2 -1 -2 0 -3 -2 3 
732 2 -2 0 -1 -1 -1 -2 -3 -3 -2 -3 0 -3 -3 4 3 0 -4 -3 -1 
733 -1 -3 3 1 -4 -2 -2 5 -3 -4 -4 -3 -4 -4 -4 -2 -2 -4 -2 0 
734 1 -1 -1 0 -2 2 0 -1 -2 -1 0 0 2 -2 -1 1 0 -3 0 1 
735 1 -1 0 0 -2 1 1 -2 -1 -1 -2 0 -1 -3 -1 1 4 -3 -3 0 
736 0 0 0 0 -1 0 0 1 0 0 0 0 0 -1 0 0 0 -1 -1 0 
737 -2 -2 -4 -4 -3 -3 -2 -4 -4 2 1 -3 0 -2 -4 -2 -1 -4 -3 6 
738 0 -2 2 -1 -2 0 1 -1 1 -1 -1 -1 -2 -1 -2 2 3 2 -2 -1 
739 -2 -4 -4 -4 -3 -2 -3 -3 -1 2 0 -4 -2 5 -4 -2 -3 7 0 2 
740 -1 -1 2 0 -3 0 0 -2 -2 -1 -2 0 -1 -2 -2 2 3 -3 1 1 
741 0 -1 0 1 -2 2 -1 -2 -2 1 0 -1 -1 0 -2 0 0 -3 -1 1 
742 -1 -2 6 2 -4 -1 -2 0 -2 -2 -3 -1 -3 -4 -2 1 0 -5 -4 -4 
743 -1 -3 2 1 -4 -2 -3 6 -1 -4 -4 -1 -4 -4 -3 0 -2 -4 -4 -3 
744 1 -1 1 -1 -2 0 -1 -1 -1 0 -1 0 0 -2 0 0 2 -1 -2 1 
745 1 0 2 1 -2 -1 0 -1 -1 -1 -1 0 -1 0 1 0 2 -3 -1 0 
746 -1 -2 -1 -2 -1 -1 -2 -2 -1 2 1 -1 0 -1 -2 -1 0 -2 -1 3 
747 0 0 0 0 -1 1 0 -1 -1 0 0 1 -1 -1 0 1 2 -2 -1 0 
748 0 -3 -1 -2 -2 -2 -3 1 -2 2 1 -2 -1 0 -1 0 0 -1 4 1 
749 0 -2 0 0 -3 -2 1 -1 0 -2 -2 -1 -2 -3 -2 4 3 -4 -3 -1 
750 2 -2 -1 -1 -2 -2 -2 2 1 -1 -3 0 -2 -2 1 1 2 -3 -2 0 
751 1 -2 -1 -3 -2 -2 -1 -3 -3 2 -1 -1 -1 -3 -2 0 4 0 -3 2 
752 0 -3 -2 1 -3 -1 -2 -3 -3 0 -1 -1 -2 -3 -1 -1 4 -4 -3 3 
753 -1 -2 2 4 -4 0 2 1 0 -3 -3 -1 -3 -3 -2 -1 1 -4 1 -3 
754 2 -2 1 2 -2 1 0 1 0 -2 -2 0 -2 -1 0 1 0 -3 -2 -2 
755 0 -1 3 3 -3 -1 0 1 -1 -3 -3 0 -3 -3 1 1 0 -4 -1 -3 
756 0 -4 0 1 -4 -2 -3 6 -4 -5 -4 -3 -4 -5 -4 -1 -2 -4 -4 -4 
757 -1 0 3 0 -3 0 0 -1 0 0 -2 1 -1 -2 -2 2 1 -3 -2 1 
758 1 -4 -4 -4 -4 -4 -4 -3 -3 -3 -2 -4 -3 0 -4 -3 -3 9 6 0 
759 -1 0 -1 -3 -3 -1 -1 -2 -3 -2 -3 0 -3 -4 -3 3 5 -4 -3 0 
760 3 -3 -3 -3 -2 -2 -1 -3 -3 0 1 -3 1 1 -3 -1 0 0 -1 3 
761 -1 -2 -1 -1 -3 0 0 -1 -3 -2 -3 -1 -3 -2 0 0 6 -4 -3 -2 
762 -1 -3 -3 -3 -2 -3 -3 -3 -3 2 3 -3 0 0 1 -1 -1 -3 -1 3 
763 0 -1 -1 0 -3 -1 0 -1 -1 -1 -1 1 -1 -3 4 0 3 -3 -3 0 
764 2 -3 0 0 -3 -1 -2 4 -3 -4 -4 -2 -3 -4 2 2 -1 -4 -3 -3 
765 0 -2 0 -1 -2 -1 -1 1 -2 0 3 -1 0 -1 -3 0 1 -3 -2 0 
766 1 -1 2 -1 -3 0 -2 0 -1 -2 -2 2 -2 -2 2 0 3 -4 -3 0 
767 3 -2 1 3 -3 0 1 -2 -2 -1 -3 -2 -1 -3 2 0 1 -4 -2 -1 
768 -2 -4 -1 0 -5 -2 -1 6 -4 -5 -5 -1 -5 -5 -4 0 -3 -5 -5 -5 
769 -1 -2 1 3 -3 -1 2 -3 -2 0 -2 0 -2 -4 -2 1 3 -4 -3 -1 
770 1 -3 0 -2 -3 -1 -3 -2 4 0 -1 -2 -2 0 -3 -2 0 -2 4 2 
771 -1 0 0 -1 -3 0 -1 -3 0 0 -2 -1 -1 -3 0 0 5 -4 -1 -1 
772 -1 -2 -4 -4 -3 -2 -4 -4 -4 4 2 -3 -1 2 -4 -3 -1 0 1 3 
773 0 -1 0 -1 -3 0 -1 -3 -1 1 -2 -2 1 -3 -3 2 5 -4 -3 -1 
774 3 -3 -3 -3 0 -3 -3 -3 -3 1 -1 -3 1 -1 3 -1 -1 -4 -1 3 
775 0 0 -1 -2 -2 2 0 -1 0 1 -1 1 0 -2 -2 1 3 -3 -2 0 
776 1 -3 -2 -1 -2 -3 -3 -3 -3 2 1 -3 -1 0 -3 -1 0 -3 1 3 
777 0 -2 3 2 -3 0 1 0 -2 -3 -3 0 -3 -2 -2 1 2 -4 -2 -2 
778 -1 -3 2 4 -3 -2 -2 4 -2 -4 -3 -1 -3 -4 -2 1 0 -4 -3 -3 
779 1 -1 3 -1 0 0 -1 -1 0 -1 0 0 0 -2 -1 1 0 1 -2 1 
780 1 -1 0 -1 -2 -1 -1 -1 2 0 -1 0 0 -1 2 1 0 0 -1 1 
781 0 -2 -1 -2 -2 0 -1 2 -1 0 1 -1 -1 0 -2 -1 -1 1 -2 1 
782 1 0 3 1 -2 0 0 0 -2 -3 -3 0 -1 -3 -1 2 2 -3 -3 -2 
783 0 0 1 0 -2 -1 -1 1 -1 -2 -2 -1 -2 -3 -1 3 3 -3 -3 -1 
784 2 -1 -1 0 -2 1 -1 -1 0 -1 0 -1 0 -2 0 1 1 1 -2 -1 
785 0 -2 1 0 -2 2 0 -1 0 0 -2 0 -2 -3 3 2 2 -3 -2 -2 
786 0 0 0 -1 0 0 -1 0 -1 0 0 0 -1 1 -2 0 0 1 2 0 
787 -1 0 1 1 -2 0 0 -1 -1 -2 -1 1 -1 0 1 1 1 -2 0 0 
788 0 -3 -3 -4 -2 -1 -3 -4 -2 4 1 -3 -1 -2 -3 -2 0 -4 -3 4 
789 -1 0 2 0 -3 0 0 -2 0 0 -2 -2 -2 -3 -1 1 4 -3 0 -1 
790 1 -2 -3 -3 -2 -3 -3 -3 -3 2 2 -3 0 3 -2 -2 0 -2 -1 2 
791 0 -1 1 2 -2 1 0 -1 0 0 0 0 -1 0 -2 0 1 -2 1 0 
792 1 1 -2 -1 -3 0 -2 -1 -3 -1 -2 -2 -2 -2 5 -1 0 -4 -3 -1 
793 1 0 0 1 -2 0 0 -1 -2 0 0 1 -1 -2 -2 0 1 -3 -2 1 
794 0 -2 0 -1 -3 -1 -1 -2 -2 0 0 -1 0 -3 6 0 0 -3 -1 -1 
795 0 -1 -1 0 -2 0 -1 -1 -2 0 -1 0 2 0 1 0 2 -2 -2 1 
796 0 -2 -1 -1 -2 -2 -1 -2 -2 3 1 -2 1 2 0 0 1 -2 -1 1 
797 0 -2 0 1 -3 -1 -1 2 -1 -2 -3 0 -2 -3 0 2 4 -3 -3 -2 
798 1 -1 0 1 -3 1 -1 2 0 -3 -3 1 -2 -3 1 1 2 -3 -2 -1 
799 2 -4 -4 -2 -2 -3 -3 -1 -1 3 1 -3 -1 -1 0 -2 -2 -4 -3 3 
800 0 0 1 -1 -2 -1 -2 -1 -2 0 0 -1 -1 1 -2 1 2 0 0 1 
801 1 -2 -2 0 -2 -3 -3 0 -3 1 1 -2 -1 -1 -3 -1 0 -4 -3 3 
802 -2 -2 6 4 -4 0 -1 0 -2 -4 -4 -1 -3 -4 -3 0 -1 -4 -4 -3 
803 -1 -1 0 1 -3 0 0 4 -2 -3 -3 0 -3 -3 2 -1 1 -3 -3 -2 
804 1 0 1 -1 -2 1 0 0 0 0 -1 0 -1 -2 -1 1 1 -2 0 0 
805 -1 -1 1 2 -2 -1 0 0 -2 -1 -1 0 0 -2 1 1 2 -3 -2 -1 
806 -1 -2 -2 -2 -2 -2 -2 -2 -2 1 2 -2 0 5 -2 -1 -2 1 1 1 
807 1 -2 2 0 -2 -1 -1 0 -2 0 -2 -1 -2 -1 2 1 2 -3 -2 -1 
808 1 -2 -1 0 -1 -1 -1 0 -2 0 0 -1 -1 -2 0 0 3 -2 -2 1 
809 0 -1 2 5 -2 0 0 -1 -1 -2 -2 -1 -2 -2 -1 0 0 -2 -2 -2 
810 0 -1 0 3 -2 0 1 -1 -1 -1 -1 1 -1 -2 0 1 0 -2 -2 -1 
811 0 -1 1 1 -2 -1 -1 4 0 -3 -3 -1 -2 -3 -2 0 1 -2 -2 -2 
812 -2 -2 -2 -1 -3 -3 -3 -3 -2 2 0 -3 -1 6 -3 -1 0 1 1 0 
813 0 -2 -1 -2 -3 -1 -2 -2 -2 0 0 -1 0 -3 6 0 -2 -3 -3 -1 
814 -1 -1 3 0 -2 1 0 1 -1 -2 -2 1 -2 -1 -2 1 2 -2 -2 -2 
815 0 0 -1 0 -2 2 -1 -1 -2 0 -1 0 -2 -3 -1 1 4 -3 -2 -1 
816 1 -2 -1 -2 -3 -2 -2 4 -3 0 -2 -2 -2 -3 -1 1 1 -3 -3 0 
817 -2 -3 -3 -1 -4 -2 4 -1 -2 -1 -2 -2 -2 6 -3 -3 -3 -2 0 -3 
818 2 0 -1 -2 -2 0 0 -2 -2 0 0 2 -1 -3 1 0 2 -3 -2 0 
819 1 -3 3 0 -3 0 -1 4 -1 -3 -4 -1 -3 -4 -2 -1 1 -4 -4 -3 
820 4 -3 -1 -2 -2 -1 -2 1 -3 -1 -2 -2 -2 -4 -3 2 0 -4 -3 0 
821 -1 1 0 1 -1 0 -2 -1 1 -1 -2 1 -2 -1 0 -1 3 1 2 -2 
822 -2 -3 -3 -3 -3 0 -3 -1 -2 1 1 -3 -1 4 0 -2 -2 3 3 2 
823 -1 -1 0 0 -2 3 -1 -2 -2 0 -1 -1 -1 -3 0 0 4 -3 -2 0 
824 -2 -3 -3 1 -3 -3 -3 -2 -3 3 3 -1 0 0 -3 -2 -2 -3 -2 1 
825 0 -1 2 1 -2 2 0 0 -2 -1 -2 -1 -1 -1 -2 2 2 -3 -1 -1 
826 0 -2 1 0 -2 -1 -2 3 -2 0 -2 -2 1 -1 1 0 0 -3 -1 0 
827 -1 -2 3 3 -3 -1 -1 1 2 -2 -3 0 -2 -3 -1 1 2 -4 -2 -1 
828 0 -1 4 0 -3 -1 -2 2 -2 -3 -2 0 -1 -3 -1 1 2 -4 -3 -3 
829 0 -2 1 1 -3 -1 0 3 -1 -2 -3 -1 -2 2 1 0 0 -3 -2 -2 
830 0 -2 -1 -1 -2 -1 0 -2 -2 1 1 0 1 -1 1 0 1 -2 0 2 
831 3 -2 -2 0 -2 -1 -1 0 -2 -1 -1 -1 -2 -2 4 1 0 -3 -2 -1 
832 2 -1 1 1 -2 0 0 2 -1 -2 -2 0 -2 -2 2 0 -1 -2 -2 -1 
833 -1 -1 4 1 -2 0 0 3 0 -2 -3 1 -2 -3 -2 0 -1 -3 -2 -1 
834 1 0 0 -1 -2 3 0 -1 -2 -1 -2 0 -2 -3 -2 1 2 -3 -2 0 
835 -1 -1 0 4 -3 1 2 -2 0 0 -2 -1 -2 -3 -2 -1 2 -4 -3 0 
836 -2 -3 -4 -3 -3 0 -2 -2 -2 3 -1 -3 -1 1 -4 -2 -2 -2 6 3 
837 0 -2 1 1 -3 0 2 -2 -2 0 -2 0 0 -3 -2 1 4 -4 -3 0 
838 -4 -4 -5 -5 -4 -4 -4 -5 -4 0 1 -2 -2 4 -5 -4 -3 9 2 1 
839 -1 0 3 2 -3 0 0 0 -2 -2 -3 0 -1 -2 -2 2 2 -4 -3 -1 
840 0 -2 0 -1 -2 -2 -1 2 -2 -1 0 -1 -2 -2 -3 4 0 -3 -1 1 
841 0 -2 3 0 -3 -1 -1 0 -2 -2 -3 0 -3 -4 -2 3 2 -4 -3 -1 
842 1 -1 1 1 1 1 0 2 1 -1 -2 -1 -1 0 -1 0 0 -2 0 -1 
843 0 -2 0 1 2 0 0 -2 0 0 -1 -1 0 -2 0 1 2 -3 -2 0 
844 0 -1 -2 0 -3 -1 -1 1 1 -3 -3 -1 -2 -1 1 2 0 -2 4 -1 
845 -1 -1 2 -3 -3 -1 -3 -3 -3 -2 -2 -2 -1 -2 -2 1 3 8 0 1 
846 3 -3 -3 -4 -2 -2 -3 0 -4 1 0 -1 -1 -3 -3 -1 2 0 -3 3 
847 -1 -3 -1 0 -3 0 -1 -2 1 -1 -3 0 0 -4 0 2 5 -4 -3 0 
848 1 -4 -4 -5 -3 -4 -4 -3 -5 0 -1 -4 -2 -1 -4 -2 2 -5 -3 6 
849 -2 -1 4 6 -5 1 0 0 -2 -5 -5 -2 -4 -5 -4 0 -1 -6 -4 -5 
850 3 -2 3 1 -3 -1 1 -1 -2 -3 -3 -1 -3 -4 1 1 0 -4 -3 -3 
851 -1 -2 4 3 -4 2 -1 -2 -2 -3 -2 -1 -3 -4 -3 2 2 -5 -4 -1 
852 -3 -2 -3 -4 -5 -4 -5 7 0 -7 -6 -4 -5 -6 -5 -2 -4 -5 -6 -6 
853 0 0 3 0 -3 1 1 -2 -2 0 -1 3 -1 -3 -2 1 0 -4 -3 0 
854 -2 -5 -5 -3 -4 -4 -5 -5 -5 0 -2 -5 -3 -1 -5 -1 -1 10 0 4 
855 -2 -3 1 -3 -3 1 -1 -3 -1 -2 -3 -1 -1 -2 -3 3 5 -4 -3 -1 
856 0 -4 -2 -5 -3 -4 -4 -4 -3 2 3 -4 0 5 -4 -3 -2 -2 1 1 
857 0 -2 2 -1 -3 1 -1 -1 -3 0 -2 1 -2 -3 -1 1 4 -4 -3 0 
858 0 -3 1 0 -3 -2 -1 0 -2 0 1 -2 0 1 2 -1 -1 -2 1 0 
859 -1 0 0 1 -4 1 1 -1 -2 -2 -3 0 -3 -4 5 0 1 -4 -2 -1 
860 2 -2 0 0 -2 -1 -1 1 -2 -2 -2 -2 -2 -3 3 1 2 -4 -1 -1 
861 0 -2 2 3 -3 -1 0 0 -2 -2 -2 -1 -2 -3 2 2 1 0 0 -2 
862 1 0 2 -2 -3 0 -1 4 1 -4 -4 -1 -1 -4 -1 1 -1 -1 -3 -3 
863 0 0 1 0 -3 0 1 -2 -1 -3 -3 1 -2 -4 2 1 3 0 -3 -1 
864 -2 -3 -4 -5 -3 -2 -2 -5 -1 3 2 -4 -1 -1 -4 -3 -2 -3 3 5 
865 0 1 0 -1 -3 -2 -2 -3 -3 0 -2 -1 -2 -4 -1 1 5 -4 -3 0 
866 1 -5 -5 -5 0 -4 -4 -5 -5 5 0 -4 -1 -2 -4 -3 -1 -5 -3 4 
867 -1 -3 0 -3 -3 -3 -1 -4 -4 0 -3 -1 -3 -4 -3 1 6 -5 -4 0 
868 5 -4 -4 -4 -3 -3 -3 -1 -4 -3 -1 -3 -3 -1 -1 0 0 -4 -3 0 
869 -2 0 -1 -3 -3 0 0 -3 -3 2 -2 1 -2 -4 -2 1 5 -4 -3 -1 
870 -2 -2 -1 5 -4 -1 -1 -3 0 -2 -3 -2 -4 -4 4 1 -2 4 -3 -1 
871 1 1 1 -2 -3 -1 0 1 -2 -2 -1 3 -2 -3 -1 1 1 -4 -3 -2 
872 3 -1 2 1 -2 0 -1 0 0 -3 -3 0 -2 -1 -2 1 0 0 -2 -1 
873 -1 -3 -2 1 -4 -1 -2 6 -3 -1 -3 -3 -3 0 -3 -2 -3 -3 -2 -3 
874 -1 -2 6 0 -4 1 -2 2 -2 -4 -4 -1 -3 -4 2 0 -1 -4 -4 -3 
875 1 -1 1 0 -2 -2 -1 1 -1 -2 -3 -2 -2 -3 -1 3 3 -4 -3 -1 
876 0 -1 1 -1 -2 0 1 -1 -1 0 -1 0 -1 -1 -1 1 1 -1 2 1 
877 -1 -1 0 0 -1 1 0 -2 -2 0 -2 -1 0 -3 2 2 2 -3 -1 1 
878 0 -2 0 0 -2 2 0 -1 -1 0 1 -1 -1 1 -2 0 1 -2 1 0 
879 0 -1 0 0 -2 0 1 -1 -2 -1 -1 -1 0 -3 -1 2 3 -4 -3 -2 
880 -2 0 -3 -1 -3 -2 -3 0 3 1 -1 -3 -2 2 -4 -2 -2 -1 6 1 
881 -1 2 0 2 -3 2 2 -2 0 -4 -4 0 -3 -4 1 2 2 -4 -3 -3 
882 -2 -4 -5 -5 -4 -5 -5 -5 -3 1 0 -5 -2 8 -5 -4 -4 -2 0 1 
883 -1 -1 2 0 -2 1 1 -2 -2 -2 -2 -1 -2 -3 -1 1 4 -3 0 0 
884 -1 -3 -4 -4 -2 -3 -3 -3 -4 3 3 -3 0 -1 1 -3 -2 -3 -1 4 
885 -2 2 3 3 -3 -1 0 -2 -2 1 -3 3 -2 -3 -3 -1 1 -4 -3 -1 
886 1 1 0 -2 -2 1 -1 0 -1 -2 -1 2 -1 -2 -2 2 2 -3 0 -1 
887 -4 -4 -4 1 -4 -4 -4 -1 -4 -4 -4 -4 -3 1 -5 -4 0 11 0 -1 
888 -3 -3 -2 -4 -3 -3 -3 -4 1 1 -1 -3 -1 5 -4 -3 1 7 2 1 
889 0 -1 -2 -2 -2 1 -1 0 -1 2 0 0 0 0 -2 0 1 -2 2 1 
890 0 -2 4 2 -3 0 -1 -1 0 -3 -1 -1 -2 -2 1 1 0 1 0 -2 
891 0 -2 1 1 -2 -1 -1 1 1 0 -2 -1 -2 0 2 1 -1 -2 2 -2 
892 0 -2 1 1 -2 1 -1 3 -2 -2 -3 -1 -2 -3 -2 2 0 -3 -3 -2 
893 1 -1 2 1 -2 2 0 0 -1 -1 -1 -1 0 -3 1 1 1 -3 -2 -1 
894 2 -1 1 -1 -2 1 0 -1 -1 -1 -2 -1 -1 -2 2 2 1 -3 -2 0 
895 -1 -1 0 -1 -2 1 1 -2 0 0 1 1 0 1 -2 1 0 -2 0 0 
896 -1 -1 1 0 -2 -1 -2 0 -2 2 1 -1 4 -1 -3 -2 -1 -2 0 2 
897 1 -2 2 -1 -2 0 -1 0 -2 0 -1 -1 -1 -2 0 2 2 -3 -2 -1 
898 -2 0 -2 -3 -3 -2 -1 -2 1 0 -1 -2 1 2 0 0 -2 8 3 -2 
899 1 -2 0 -1 -2 0 -1 0 0 1 1 -1 0 -2 -2 1 1 -3 -2 1 
900 0 0 1 3 -3 2 2 0 -1 -2 0 -1 -1 -2 -2 -1 -1 -3 -2 -1 
901 5 -2 -3 -3 -2 -2 -2 0 -3 -1 0 -2 -1 -3 -2 0 -1 -3 -3 0 
902 0 -1 4 1 -3 1 2 0 -1 -1 -2 -1 -2 -2 -2 1 0 -4 -2 0 
903 2 1 3 1 -2 1 0 -1 -1 -2 -2 1 -1 -3 -2 1 2 -3 -2 -2 
904 0 0 0 -1 -2 1 -1 -2 -1 -1 0 -1 -1 2 -2 1 0 4 3 -2 
905 -2 -5 -4 -5 11 -5 -5 -4 -5 -3 -3 -5 -3 -4 -5 -3 -3 -4 -1 -3 
906 0 0 2 0 -2 3 0 1 1 -1 -2 -1 -2 -3 -2 2 1 -3 -2 -2 
907 0 1 1 -1 -2 0 0 3 -1 -2 -2 -1 -2 -3 -2 2 0 -3 -2 -1 
908 2 2 2 -1 -2 1 -1 -1 -1 -2 -1 0 1 -2 0 2 0 -3 0 -2 
909 -1 1 3 3 -3 -1 0 3 -1 -3 -4 -1 -3 -3 -3 0 -1 -3 0 -2 
910 -2 -3 -3 -3 -2 -2 -3 1 -2 1 2 -3 4 1 -3 -1 -2 -1 3 -1 
911 0 -1 -2 -2 0 1 0 -2 -2 -2 -3 0 -2 -3 5 1 2 -3 -1 -1 
912 1 -1 2 1 -2 1 0 0 -1 -1 -2 -1 -1 0 -1 1 1 -2 -1 0 
913 0 -2 0 0 -2 0 -1 -3 2 1 2 -2 0 -1 2 0 -1 -3 -1 1 
914 -1 -2 1 -2 -2 -2 -2 -3 -2 0 2 -2 0 -2 4 0 2 -3 -2 -1 
915 0 0 1 0 -3 0 3 0 -1 -3 -2 -1 -2 -3 -2 2 2 -3 -3 -2 
916 1 -1 -1 -2 -2 0 0 -2 3 0 -1 0 -1 -2 -2 2 1 -3 0 1 
917 0 -2 1 1 -2 -1 0 2 -2 -3 -2 -1 -2 -3 0 3 2 2 -2 -2 
918 0 2 0 1 -2 1 2 0 1 -2 -2 1 -1 -2 1 0 0 -2 -1 -2 
919 1 -1 1 -1 -1 -1 -1 0 0 0 2 -1 0 -1 -1 0 0 -1 -1 0 
920 0 0 1 0 -2 0 -1 2 -1 -2 -1 0 -1 -2 -1 2 1 -2 -2 -2 
921 0 -1 3 1 -2 1 1 1 0 -2 -2 0 -2 -2 -1 1 1 -2 -2 -2 
922 0 -1 0 0 0 -1 0 3 0 -2 -2 -1 -1 -1 1 0 0 -1 0 -1 
923 1 0 1 -1 -1 -1 -1 1 0 0 -1 -1 -1 0 -1 1 2 -2 -1 0 
924 0 4 2 -1 -2 1 0 -2 -1 -1 -2 1 -1 -3 -2 0 0 -3 -2 -1 
925 1 4 -1 -2 -3 1 -1 1 -1 -1 -2 0 -1 0 -2 0 -1 -3 -2 -1 
926 0 -2 -1 -1 -2 -1 1 3 -2 0 -2 0 -1 -2 2 -1 0 -3 -2 1 
927 -1 -2 1 1 -2 -1 -2 0 -2 3 0 -2 0 -2 0 -1 0 -3 -2 2 
928 -1 -3 -1 0 -3 -3 -3 6 0 -5 -5 -2 -4 -4 -3 0 0 -4 -4 -4 
929 0 0 1 -1 -2 -1 -1 -2 1 -2 -1 1 -2 0 -2 3 3 -3 -1 -2 
930 -3 -3 -5 -5 -2 -3 -4 -5 -4 0 5 -4 1 3 -4 -4 -2 -2 -1 0 
931 -3 -3 -3 -4 -3 -3 -3 -3 2 -2 -2 -3 -2 4 -4 -3 -3 9 5 -3 
932 1 -2 -1 0 -2 -2 -2 4 -2 -4 -4 -2 -3 -4 0 3 0 -3 -3 -3 
933 -2 -1 -1 0 -5 1 7 -3 -1 -4 -4 0 -3 -4 -2 -1 -2 -4 -3 -4 
934 -4 -4 -5 -6 -1 -4 -5 -4 -4 -4 -3 -5 -3 -1 -5 -4 -4 12 1 -4 
935 -1 0 -1 -2 -4 0 -2 6 -3 -5 -4 -2 -3 -4 -3 -1 -2 -3 -4 -4 
936 -1 0 3 4 -3 -1 0 1 -1 -3 -3 1 -3 -4 -2 1 0 -4 -3 -2 
937 -2 -3 -3 -1 -2 -2 -2 -3 -3 2 2 -2 5 1 0 -2 0 -2 -1 2 
938 1 0 1 -1 -2 -1 -2 3 -2 -1 -2 -1 0 -3 -2 1 1 -3 -2 -1 
939 1 1 2 1 -3 0 0 -2 5 -2 -1 1 -1 -2 -2 0 0 -3 1 -2 
940 -3 -3 -3 -4 -3 -3 -3 -4 1 0 0 -3 -1 4 -4 -3 -2 1 7 -1 
941 0 -1 1 1 -2 0 0 1 -1 -1 0 -1 1 -2 -1 2 2 -2 -2 -1 
942 1 -1 0 -1 -1 -1 -1 2 -2 -1 -1 -1 -1 -2 -1 3 1 -2 -2 0 
943 -1 -1 2 3 -3 -1 1 3 -1 -1 -2 -1 0 -3 -2 -1 -1 -4 -3 -2 
944 -3 -3 -4 -4 -3 -1 -3 -4 -2 -2 -1 -4 -1 7 -4 -3 -3 8 2 -2 
945 -1 -1 1 -1 -2 2 0 1 0 -1 -2 -1 -1 -1 3 -1 0 -2 1 0 
946 1 0 0 0 -2 0 -1 0 -1 -2 -2 -1 -1 -1 -1 3 0 -2 1 -1 
947 0 0 2 3 -3 -1 0 3 2 -3 -3 -1 -1 -3 0 0 -1 -3 -2 -2 
948 0 -1 3 -1 -2 1 1 -2 -1 0 -1 -1 3 0 -2 0 0 3 -1 -1 
949 -2 -2 1 -3 -3 -2 -2 -3 2 -2 -2 -2 -2 1 -3 0 -2 1 7 0 
950 -4 -4 -5 -5 -4 -3 -4 -4 -4 -4 -3 -4 -3 1 -5 -2 -3 12 1 -4 
951 0 -2 -1 -2 -1 -1 -1 -2 -2 -1 -2 -1 -1 -3 -2 3 4 -3 -2 1 
952 0 -1 3 -1 0 0 -1 -1 -1 -3 -3 2 -2 -3 1 3 1 -3 -2 -2 
953 -1 0 2 0 0 1 4 -2 -1 -3 -3 1 -2 -2 -2 1 0 -3 1 -3 
954 -1 -2 -1 -2 -2 0 -1 -2 -1 1 0 -1 0 -1 3 0 3 -2 2 0 
955 2 -1 -1 -1 -1 -1 -1 -1 -2 -1 0 -1 0 2 -1 3 1 -2 -1 -1 
956 0 -2 2 -1 -2 -1 -1 2 -2 -1 -2 -1 -1 -2 2 1 2 -3 -2 0 
957 -1 -1 3 3 -2 0 0 -1 0 -2 -2 -1 -2 0 -1 0 -1 -1 3 -2 
958 -1 -2 -2 -2 -2 -2 -2 -2 0 1 0 -2 0 4 -2 -2 -1 1 4 1 
959 -1 0 -1 0 -2 1 3 -2 0 -2 -2 2 -1 0 -1 0 -1 0 3 -2 
960 0 -1 -1 -1 -1 -1 -1 -2 -2 2 0 -1 0 -1 -1 1 4 -2 -1 1 
961 0 -2 -2 -2 -1 -1 -2 -2 -2 2 1 -2 4 -1 -2 -1 0 -2 -1 3 
962 -1 -1 5 1 -2 0 -1 3 0 -3 -3 0 -2 -2 -2 0 0 -3 -2 -2 
963 -1 -1 -2 -2 -1 -1 -2 -2 -2 1 1 -1 5 0 -2 -1 0 -2 -1 2 
964 0 -1 2 2 -1 0 0 -1 -1 0 -1 -1 -1 -2 -1 2 0 -2 -2 1 
965 0 -1 0 -1 -1 -1 -1 -1 -1 0 -1 -1 0 -2 -1 2 3 -2 -1 1 
966 0 -2 0 -1 -2 -1 -2 5 -2 -3 -3 -1 -2 -3 -2 0 -1 -2 -2 -3 
967 1 -2 -2 -2 -1 -2 -2 -2 -2 2 0 -2 0 3 -2 -1 -1 -1 0 1 
968 -1 -2 -2 -2 -1 -2 -2 -2 -2 2 3 -2 1 0 -2 -2 -1 -1 -1 1 
969 -1 0 3 0 -2 2 0 -1 0 0 -1 0 0 -2 -1 0 0 -2 -1 1 
970 -1 0 3 0 -2 3 0 -1 0 -2 -2 0 -1 -2 3 0 0 -2 -1 -2 
971 0 -1 0 -1 -1 -1 -1 4 -1 -2 -2 -1 -2 -2 -1 2 0 -2 -2 -2 
972 0 -2 -1 -1 -2 -1 -1 3 -2 -2 -2 -1 -2 -2 5 0 -1 -2 -2 -2 
973 3 -1 -1 -1 0 0 0 0 -1 -1 -1 0 -1 -1 0 1 0 -1 -1 0 
974 -1 -1 -1 -2 -2 -1 -1 -2 1 -1 -1 -1 -1 2 -1 -1 -1 2 6 -1 
975 -1 -2 -2 -3 -1 -2 -2 -3 -2 1 3 -2 1 0 -2 -1 2 -2 -1 1 
976 3 -1 -1 -2 -1 -1 -1 0 -2 -1 -1 -1 -1 -2 -1 1 3 -3 -2 0 
977 -2 -2 -3 -4 -3 -3 -3 -3 0 -1 0 -3 0 6 -4 -2 -2 1 5 -1 
978 -1 -2 -2 -2 -3 -1 -1 -2 -2 -3 -3 -1 -3 -4 8 -1 -1 -4 -3 -2 
979 -2 -2 -3 -4 -2 -3 -3 -4 -2 1 3 -3 2 4 -3 -3 -2 -1 1 0 
980 0 -4 -3 -4 9 -3 -4 -3 -3 -1 -1 -3 -1 -2 -3 -1 -1 -2 -3 -1 
981 4 -1 -2 -2 0 -1 -1 0 -2 -1 -2 -1 -1 -2 -1 1 0 -3 -2 0 
982 -2 -2 -4 -4 -1 -2 -3 -4 -3 2 4 -3 2 0 -3 -3 -1 -2 -1 1 
983 3 -1 -1 -1 -1 -1 -1 0 -1 -2 -2 -1 -1 -2 -1 3 1 -3 -2 -1 
984 -1 -3 -3 -3 -1 -3 -3 -4 -3 4 2 -3 1 0 -3 -2 -1 -3 -1 3 
