0 -3 -3 -4 -5 -4 -2 -4 -5 -4 -1 0 -1 10 -2 -5 -4 -3 -3 0 -2 
1 -1 2 1 -1 -3 2 0 -2 -2 -3 -2 4 1 -4 -1 2 0 -4 -3 -3 
2 -2 4 -2 -3 2 -1 -2 -4 2 -3 -1 4 3 1 -1 -2 -2 -4 -2 -1 
3 0 2 1 -1 -1 1 -2 -3 -1 -2 -2 0 -2 3 1 1 0 -2 0 -2 
4 -1 0 -2 -2 -2 -2 -2 -2 -1 3 1 -2 1 3 0 2 -1 -2 1 0 
5 -2 4 -1 -3 -4 -2 -3 -4 2 -3 -1 0 -3 -2 4 -3 -2 -3 4 -2 
6 -1 0 -2 -3 -3 -2 -3 -1 1 -2 -1 0 5 -1 -3 2 4 -3 2 -1 
7 -2 -1 -3 -4 -1 0 -3 -5 -2 -1 4 0 0 4 -1 -2 -2 1 0 -1 
8 -1 -3 -3 -4 -3 0 -1 -4 -4 2 4 -2 1 -1 -4 -1 0 -4 -3 0 
9 4 -1 0 -3 1 -1 -2 -1 -3 -1 -2 -1 0 -2 0 1 0 -4 -3 -1 
10 1 -1 0 -2 -1 -1 -2 -1 0 0 2 -2 0 -1 -1 0 2 0 0 0 
11 1 -3 -2 -3 1 -2 -2 -2 -3 1 1 -3 4 1 0 2 0 -1 -2 0 
12 0 -4 -4 -3 -1 -2 -4 -5 -4 4 3 -2 2 0 -4 -1 0 1 -2 1 
13 1 -1 -1 -3 -2 -1 -3 1 0 -1 1 -2 0 1 0 1 -1 5 -2 -1 
14 2 -2 -2 -3 0 -2 -3 -1 -3 1 1 -2 -2 0 2 2 2 -4 -3 -1 
15 4 -4 -3 -4 -1 0 -2 -2 -2 1 1 -3 0 -3 -2 -1 0 -4 0 -1 
16 0 -2 -3 -5 0 -2 -3 -2 -4 1 4 -3 -1 2 1 -3 -2 1 -2 1 
17 0 -4 -3 -3 0 -1 -4 -4 -1 -1 1 -3 1 4 -2 -1 -1 1 5 0 
18 2 -3 -2 -1 -3 0 -2 0 -3 -1 0 -1 0 -2 1 3 1 0 -3 0 
19 2 -3 -2 -2 -1 4 0 1 -1 -1 -2 -2 -3 -4 4 1 -2 -4 -4 -2 
20 1 -1 -1 -1 -2 3 0 0 1 0 -2 0 -1 -1 0 1 1 -2 0 -1 
21 3 -2 -1 -1 -2 -2 0 0 -2 -1 -2 -2 1 -2 1 2 1 -3 -1 0 
22 1 -1 -2 -2 -2 1 0 -2 1 1 2 -1 1 0 0 -1 0 1 -1 0 
23 4 -1 -1 -2 -2 -1 -1 -1 -3 -2 -1 -2 -2 -2 1 1 0 -3 -3 -1 
24 2 0 0 1 -1 0 0 0 1 -1 -1 0 -1 -1 0 0 0 -1 -1 0 
25 1 -2 0 5 -4 2 3 -1 -1 -4 -2 -1 -3 -4 -2 -1 -2 -4 -2 -2 
26 1 -1 -1 -1 -2 -1 -1 -3 1 1 3 0 0 -2 -2 -1 0 -3 -1 0 
27 2 0 0 0 -2 0 0 -1 1 0 -1 -1 0 -1 1 0 0 4 -1 -1 
28 1 -1 0 1 -2 1 2 1 -1 -3 -2 0 -1 -4 1 1 -1 -4 -3 -1 
29 -1 -1 0 0 0 5 0 -3 -2 -2 1 -1 0 0 -2 0 0 -4 -2 -1 
30 -3 -1 -4 -5 10 -1 -3 0 -3 -2 -2 -4 -4 -3 -1 -1 -2 -5 -5 -3 
31 -1 1 -3 -2 2 -1 -2 -2 -1 0 2 -2 3 -1 3 0 -1 -3 0 -1 
32 1 -1 -2 -1 -2 -1 -2 2 -1 0 1 -2 0 1 0 -1 0 0 2 1 
33 -1 -1 1 0 5 -1 0 3 -1 -3 -3 -2 -3 -2 2 0 -1 2 0 -2 
34 0 0 -1 1 0 1 -1 -2 -2 0 -1 -1 0 -2 1 0 0 -1 1 2 
35 -2 -3 -2 -1 -1 -2 -2 3 -4 -2 -3 -3 -4 -4 6 -1 -1 -1 0 -3 
36 1 0 0 0 -2 0 0 0 0 -1 -1 0 -1 -1 0 1 1 -2 1 0 
37 -1 -2 -1 -1 -3 0 -2 -2 -2 -1 0 -2 0 3 -1 -2 -1 4 5 -1 
38 0 0 1 2 2 0 1 -2 -1 1 -1 0 0 -1 0 0 0 2 -1 0 
39 0 1 1 1 -2 1 2 1 -1 -1 -1 1 -1 -2 1 0 0 -2 -2 -1 
40 0 -1 -2 0 -3 0 0 0 -1 -2 -2 0 -3 -2 6 -1 -1 -2 -2 -2 
41 1 -1 0 -1 -2 -1 -1 -1 -1 1 1 -1 0 0 1 -1 0 -2 0 1 
42 0 1 -1 -1 1 0 -1 -1 -2 0 0 -1 -1 -1 1 0 0 0 0 2 
43 1 0 1 1 -2 1 0 -1 -1 -2 -1 0 -1 -2 3 1 1 -2 -1 -1 
44 0 -1 0 1 -3 0 1 3 -2 -2 -1 0 -1 -3 1 0 0 -3 -1 -1 
45 -1 0 2 3 -3 1 1 -1 -1 -2 -1 0 1 -2 1 0 0 -3 -1 -1 
46 1 -1 1 2 -4 -1 -1 -1 -2 -2 -2 -1 -2 -3 5 0 1 -4 -1 -1 
47 0 -1 3 3 -4 1 1 0 -2 -3 -3 0 -2 -4 2 0 0 -4 -3 -3 
48 0 -1 1 3 -4 2 2 0 -1 -3 -3 0 -3 -4 0 0 1 -1 -4 -2 
49 2 -1 0 2 -3 1 0 0 -1 -2 0 -1 -1 -3 -1 1 0 -4 -3 -1 
50 -1 -1 -1 -1 -5 1 0 -1 -3 -1 -4 1 -4 -5 6 -1 0 -6 -4 -1 
51 0 -3 -4 -4 -4 -4 -3 -4 -4 3 1 -4 3 -1 -4 -2 1 1 -1 4 
52 -1 1 1 0 -4 0 1 -3 1 0 0 0 -1 1 -3 0 1 -3 2 0 
53 -2 -4 -5 -5 -4 -4 -4 -4 -4 4 2 -5 2 2 -5 -4 -3 -2 3 3 
54 -1 -1 0 0 -4 2 2 -3 0 -1 -1 0 -2 0 -3 1 2 1 1 0 
55 6 -5 -3 -3 3 -3 -2 0 -5 -6 -6 -3 -4 -5 -4 2 -3 -4 -6 -4 
56 -4 -4 1 7 -7 -2 0 -4 -5 -5 -4 -1 -5 -5 -5 -3 -2 -8 -4 -6 
57 -2 2 1 1 -4 2 1 -3 2 -3 -3 2 -3 -2 -4 3 0 -5 1 -3 
58 2 -4 -4 -5 -4 0 -3 -2 -5 3 2 -4 3 -2 -4 -1 -1 -5 -4 3 
59 -2 1 -1 1 -4 1 3 -4 -1 0 -2 0 -2 -1 -4 0 1 -3 2 1 
60 0 -1 -3 -3 -5 -2 -3 2 0 1 0 -2 1 3 -4 -1 -2 -1 6 -1 
61 -2 0 3 4 -5 1 1 -3 -1 -1 -2 -1 -3 -1 -2 0 0 -3 0 -2 
62 0 1 1 0 -4 2 1 -1 0 -2 -2 1 -2 -1 0 0 0 -2 2 -2 
63 -1 -1 2 4 -5 1 2 0 -3 -4 -3 1 -4 -5 2 0 -1 -5 -4 -2 
64 -2 1 4 2 -5 2 1 2 -1 -3 -4 1 -4 -4 -4 0 0 -6 -4 -3 
65 -1 0 1 1 -3 1 1 -1 -1 1 -1 1 -1 -1 -2 0 1 -1 1 0 
66 2 -3 -4 -4 -4 -2 -4 -3 -4 3 1 -4 2 1 -4 -1 0 -2 -1 3 
67 -2 0 -1 -2 -4 0 1 -4 2 2 -1 0 -1 -1 -4 -1 3 -2 2 2 
68 4 -5 -5 -7 -2 -5 -5 -4 -5 -1 3 -6 -1 3 -6 -3 -4 -1 2 -2 
69 -1 1 -1 -1 -4 1 2 -3 -1 -1 -3 1 -3 1 -4 1 2 -2 3 -1 
70 -5 -4 0 -1 -8 -4 -4 7 -5 -9 -9 -2 -8 -8 -7 -3 -6 -8 -6 -7 
71 -3 -1 7 3 -7 -1 0 0 3 -7 -7 0 -5 -6 -3 0 -4 -8 -4 -7 
72 2 -7 -8 -8 -4 -7 -7 -3 -8 0 -4 -7 -4 -5 -5 -3 -3 -8 -7 7 
73 -2 1 0 1 -5 2 3 -4 0 0 -2 1 -3 -3 -4 -1 0 -3 -2 2 
74 -1 -7 -6 -7 -5 -6 -7 -6 -4 5 3 -6 4 1 -7 -5 -4 -6 -2 4 
75 -3 3 0 -1 -5 2 1 -4 -1 0 -1 2 -1 0 -4 0 1 0 1 -1 
76 -4 3 -1 -3 -7 6 -3 -4 2 -4 -4 -1 -3 0 -6 -1 -2 -1 6 -4 
77 -2 -1 2 2 -6 1 1 5 -2 -5 -5 0 -3 -5 -1 -2 -2 -5 -3 -4 
78 -2 -3 4 5 -6 -1 0 3 -4 -6 -5 0 -3 -5 -3 -1 -1 -5 -4 -4 
79 -1 2 0 -1 -3 1 -1 -2 0 0 -1 0 3 -1 -4 1 2 -3 1 -1 
80 -2 3 -1 -1 -4 1 0 -3 0 0 0 1 -1 -1 -4 0 2 -2 1 1 
81 -4 -6 -7 -7 -5 -5 -7 -6 -7 4 5 -6 3 0 -7 -5 -4 -6 -4 2 
82 -2 2 0 -1 -4 2 1 -3 -1 -2 -1 2 -2 -1 -4 1 2 -2 0 -1 
83 6 -6 -5 -6 2 -6 -5 0 -6 -6 -6 -4 -6 -4 -6 1 -1 -7 -6 -4 
84 -3 -1 1 7 -7 1 1 -2 -2 -6 -7 -1 -7 -6 -3 -2 -4 -5 -4 -6 
85 -2 3 0 -2 -4 1 2 -4 0 -2 -3 3 -3 -1 -4 0 0 1 2 -3 
86 3 -6 -6 -5 -5 -5 -5 -5 -6 4 2 -5 1 -2 -6 -4 -3 -6 -4 4 
87 -2 1 -1 0 -3 1 1 -4 1 2 -2 0 -2 -1 -4 0 3 -2 1 1 
88 -4 -4 -7 -7 -6 -5 -7 -2 -1 2 2 -6 2 2 -7 -6 -5 1 8 0 
89 -4 -2 5 5 -6 -1 -1 -4 3 -4 -4 -3 -5 -1 -4 -1 -2 0 1 -5 
90 -2 3 -1 -1 -5 5 0 0 -1 -2 -1 0 1 -3 -1 -2 0 1 0 -2 
91 0 0 3 3 -4 1 1 -2 -2 -2 -2 2 -2 -4 -1 -1 1 -4 -3 -1 
92 -1 0 2 0 -4 2 1 -1 -2 -3 -3 0 -2 -4 -2 1 4 -5 -4 -3 
93 0 0 1 0 -1 0 0 1 0 -1 -1 1 -1 -1 0 0 0 -1 0 -1 
94 0 1 0 0 0 0 0 0 0 -1 0 0 0 -1 1 0 0 0 0 0 
95 0 0 0 0 -1 0 0 2 0 -1 0 0 0 -1 0 0 0 -1 -1 0 
96 0 0 0 0 -1 1 0 0 1 0 0 0 0 0 0 0 0 0 0 0 
97 1 0 0 0 -1 0 0 0 0 0 0 0 0 0 1 0 0 0 0 0 
98 0 0 0 0 -1 0 0 1 0 0 0 0 0 -1 0 0 0 0 0 0 
99 0 0 1 0 -1 0 0 0 0 -1 0 0 0 -1 2 0 0 0 0 0 
100 0 0 0 0 -1 0 0 0 0 0 0 0 0 0 0 0 0 0 0 0 
101 -2 2 2 2 -3 2 1 1 -1 -3 -3 2 -2 -3 -2 0 -1 -2 -3 -2 
102 -2 1 -2 0 -4 0 2 -4 -2 2 1 1 2 -1 -3 -2 2 0 -1 0 
103 3 -6 -5 -5 -4 -4 -5 -4 -4 3 2 -5 1 -1 -6 -4 -1 -6 0 4 
104 -2 0 0 1 -4 0 2 -4 1 0 -2 0 -1 1 -4 -1 1 0 3 0 
105 6 -5 -5 -6 -4 -5 -5 -2 -6 0 1 -4 -2 -3 -2 -2 -2 -6 -5 0 
106 -2 2 0 1 -4 1 2 -1 0 -1 -2 0 -2 1 -1 1 1 -1 1 -2 
107 -4 -2 -2 -1 -7 -2 -2 7 -4 -7 -7 -3 -5 -5 -6 -3 -5 -7 -3 -6 
108 -4 -1 7 1 -5 -1 -1 -1 3 -3 -5 1 -5 -4 0 -1 -2 -4 -3 -4 
109 -1 -4 -7 -7 -5 -6 -6 -5 -7 3 -1 -4 -2 -1 1 -5 -3 -6 -3 6 
110 -1 3 0 -2 -3 1 0 -4 2 1 -1 0 0 -1 -4 -1 1 -2 0 2 
111 -3 -5 -5 -7 -5 -6 -6 -5 -4 3 3 -6 4 4 -6 -4 -3 -1 5 1 
112 -1 2 0 0 -4 1 1 -3 0 1 -1 2 0 -2 -3 0 1 -2 -1 0 
113 -3 1 2 5 -6 3 1 -1 1 -5 -4 -1 -1 -3 -4 0 -2 -2 -1 -5 
114 0 0 2 0 -5 -1 0 4 -1 -4 -4 1 -3 -4 2 0 -2 -6 -2 -4 
115 -2 -1 2 2 -5 2 1 4 -4 -3 -3 0 -3 -3 -2 0 1 -5 -3 -4 
116 -1 0 1 1 -3 1 0 -2 -1 1 0 -1 1 0 -3 0 1 -3 -1 1 
117 -1 0 -1 0 -3 0 0 -3 0 1 1 0 -1 -1 -2 0 2 -2 0 1 
118 -1 -4 -4 -5 -4 -3 -4 -4 -3 3 3 -4 1 2 -5 -2 0 -3 2 2 
119 -1 1 0 0 -3 1 1 -3 1 0 -1 1 -2 0 -3 0 2 -1 1 0 
120 3 -4 -4 -4 0 -4 -5 5 -5 -5 -5 -4 -3 -5 -2 2 2 -6 -4 -3 
121 -3 0 1 5 -6 1 2 -3 -2 -5 -5 0 -3 -5 1 0 -1 -5 -3 -4 
122 -1 2 0 1 -4 0 2 -2 2 -2 -3 2 -3 -2 -4 2 1 -1 2 -2 
123 3 -4 -5 -5 -4 -4 -3 0 -4 2 3 -5 3 2 -5 -3 -2 -5 -1 1 
124 -1 1 1 0 -3 1 2 -3 1 -1 -2 1 -2 1 -4 -1 1 2 1 -1 
125 -1 -6 -3 -5 -6 -6 -5 -3 -4 1 3 -6 1 4 -7 -2 -4 -1 6 0 
126 -4 0 6 5 -7 0 -1 -5 1 -5 -6 0 -5 -3 -6 -1 -1 -3 0 -5 
127 -3 1 -2 -2 -4 -2 -3 -1 -3 1 3 -3 2 3 -3 -2 -1 -1 1 1 
128 -1 -1 3 4 -5 1 2 -1 -2 -2 -2 2 -2 -4 -4 -1 -1 -6 -4 -2 
129 -1 -2 2 0 -5 0 0 -2 -3 -3 -1 0 1 -2 -3 2 4 -3 -1 -4 
130 -3 1 2 3 -6 3 2 0 0 -5 -4 4 -3 -2 -4 -1 -3 -3 -2 -4 
131 -2 0 1 2 -3 1 2 -3 -1 -1 -2 2 -2 -3 -4 0 2 -5 -1 -2 
132 3 -4 -4 -5 -2 -3 -3 5 -2 -2 -2 -4 0 1 -5 -2 -1 -3 -3 -2 
133 -1 0 0 0 -3 0 0 -2 -1 1 0 0 -1 1 -3 0 1 0 3 1 
134 0 -5 -5 -5 -4 -4 -4 -4 -5 3 3 -5 4 3 -5 -3 -2 -4 2 2 
135 -2 1 2 1 -4 1 2 -3 -1 -2 -1 1 -2 1 -2 0 1 1 1 -2 
136 -1 -2 5 3 -3 0 1 1 1 -3 -4 0 -2 -4 -2 0 0 -5 -3 -3 
137 2 -2 0 -2 -3 -2 -2 2 -2 0 -1 -1 -1 0 1 0 0 -3 -2 1 
138 0 2 0 0 -3 0 1 0 0 -1 -1 1 -1 0 -1 0 0 -3 -1 -1 
139 -2 -1 -3 -4 -2 -3 -4 1 -2 1 0 -2 0 2 -4 -2 1 -1 5 1 
140 -1 1 -1 0 -2 2 1 -2 0 0 0 0 0 0 -2 0 -1 4 1 0 
141 -2 -1 -2 -2 -2 -2 -3 -3 -2 2 2 -2 3 3 -3 -1 1 -1 0 1 
142 0 0 0 -1 -2 1 1 -1 1 -1 0 1 0 0 0 0 0 -2 0 0 
143 0 -1 2 1 0 3 1 2 -1 -2 -2 0 -2 -2 -1 1 0 -3 -1 -2 
144 -1 1 2 2 -4 2 1 1 -1 -2 -3 0 -1 -2 0 0 -1 -4 -2 -2 
145 -1 1 3 0 -5 2 1 1 2 -2 -3 1 -2 -3 1 -1 0 -5 -2 -2 
146 1 -3 -2 -2 -4 -2 -3 3 -2 1 0 -2 1 0 -1 0 0 0 0 0 
147 -2 4 0 -2 -1 0 -2 -3 3 -2 -1 -1 -1 1 -2 0 0 2 3 0 
148 -2 -2 -2 -1 -1 -3 -2 3 -1 2 1 -2 1 2 -4 -2 -2 -1 -2 1 
149 1 0 1 0 -1 0 0 -1 0 -1 -1 1 -1 -1 -1 1 1 -1 0 -1 
150 5 -3 -2 -2 -1 -2 -2 3 -2 -3 -4 -1 -2 -3 -4 1 -1 -5 -5 -3 
151 0 0 1 2 -4 0 2 0 0 -2 -3 1 -1 -4 2 1 -1 -4 -2 -1 
152 -1 2 0 0 -3 1 1 -1 0 -1 -1 2 -1 -1 -1 1 1 -1 1 -1 
153 1 -1 -1 -1 1 -1 -1 -1 -2 2 1 -1 2 0 -1 -1 0 -3 0 1 
154 0 0 0 0 -3 1 1 -1 1 2 -1 1 0 -1 -3 0 0 2 0 0 
155 -2 3 -2 -2 -3 0 -1 -2 -1 0 0 2 1 2 -3 -1 -1 -1 1 -1 
156 -1 2 1 1 -2 0 0 -1 -1 0 0 0 -1 -1 -2 1 1 -3 0 -1 
157 0 -1 2 3 -3 0 1 2 -2 -2 -3 0 -2 -3 0 1 -1 -2 -3 -1 
158 0 -1 2 3 -4 0 2 0 -2 -2 -4 1 -3 -4 1 1 -1 -5 -3 -3 
159 -2 -2 4 3 -5 1 1 3 -2 -4 -4 0 -3 -5 -4 1 -1 -6 -3 -4 
160 -1 3 1 0 -3 1 0 -1 2 -1 -2 1 -2 -2 -4 -1 1 -4 -1 1 
161 -2 -3 -2 -3 -4 -2 -3 -3 -2 3 1 -3 0 2 -5 -1 -1 2 6 0 
162 -1 1 0 -1 -3 0 0 -3 1 0 -1 0 -1 2 -4 -1 2 -3 3 0 
163 0 0 0 0 -1 0 0 -1 0 1 0 0 0 0 0 0 0 -1 0 0 
164 0 -4 -4 -4 -2 -4 -3 -3 -4 2 3 -2 4 3 -4 0 -1 0 0 1 
165 -2 1 1 1 -4 1 3 -3 2 -3 -4 3 -2 -3 -4 0 1 -5 1 -3 
166 -3 1 4 3 -6 1 1 0 2 -4 -5 2 -2 -4 -3 -1 -1 -1 -2 -4 
167 3 -4 -2 -3 -2 -3 -4 5 -5 -1 -3 -1 -3 -4 -3 -1 -1 -3 -5 1 
168 -1 1 -1 -2 -2 -1 -1 -3 -2 0 -1 1 0 0 -3 1 3 2 1 1 
169 -2 -5 -2 -6 -4 -3 -4 -6 -3 2 -1 -5 -1 5 -6 -4 -3 1 7 1 
170 -3 -4 1 -2 -5 -3 -2 -4 -3 -4 -4 -3 -5 -4 -4 2 7 -6 -3 -3 
171 0 -2 1 -1 -3 -2 -3 -1 -5 -4 -4 -2 -3 -3 1 2 6 -5 -3 -3 
172 -3 -5 -3 0 10 -3 -4 -3 -4 -6 -4 -2 -4 -7 -5 -1 -4 -7 -4 1 
173 -1 0 1 3 -3 0 2 -3 0 -2 -1 1 -3 -3 3 0 1 -5 -3 -2 
174 0 -1 -1 -1 1 -1 -1 -1 -1 1 1 -1 -1 0 4 -2 -1 -4 -1 1 
175 -1 -2 0 2 4 -1 2 2 -1 -2 -3 0 -2 -3 0 0 1 -5 -2 0 
176 -2 -1 4 3 -2 0 1 -3 3 -3 -4 1 -4 -4 1 0 0 -6 -2 -1 
177 -1 -3 2 1 -7 -2 0 -2 -2 -4 -5 0 -3 -4 7 -2 -3 -7 -2 -4 
178 0 -3 -1 4 -3 -2 1 -1 4 -2 0 -1 -3 -2 -2 1 0 -3 0 -2 
179 -6 -3 -6 -7 -8 -5 -6 -7 -2 -4 -3 -2 -4 3 -6 -4 -5 11 6 -5 
180 -2 2 -2 -2 -2 2 1 -2 3 -2 -2 1 -2 -1 -4 1 1 0 4 -1 
181 -3 -7 -7 -7 -5 -6 -7 -7 -7 5 3 -7 2 3 -7 -6 -3 -3 -2 2 
182 -1 3 0 -1 -2 1 0 -4 0 -2 -3 3 -3 -2 -4 1 1 -1 -1 -1 
183 5 -6 -4 -6 -3 -5 -5 2 -6 -3 -3 -5 -1 -2 -6 3 1 -7 -4 -3 
184 -1 2 1 4 -5 0 1 -1 -3 -6 -5 2 -5 -4 -2 3 0 -2 -3 -4 
185 -3 3 1 1 -5 1 2 -4 0 -4 -5 3 -2 -3 -2 2 1 -2 -1 -3 
186 1 -5 -5 -6 -4 -4 -5 -1 -5 4 3 -5 2 0 -5 -3 -2 -5 -4 2 
187 -2 0 0 2 -4 -1 1 -4 0 2 -2 2 -2 0 -4 -1 1 1 1 0 
188 -3 -4 -5 -6 -5 0 -5 -7 3 3 2 -5 1 2 -6 -4 -4 1 5 2 
189 -4 0 4 5 -6 -3 -1 -5 1 -1 -3 -2 -2 -1 -5 -1 -1 0 3 -1 
190 -2 2 0 -1 -4 2 0 -2 0 -1 -2 1 0 -3 4 1 1 -5 -2 -1 
191 0 -1 2 3 -5 1 3 2 -1 -2 -3 2 -4 -4 -3 -1 -1 -3 -3 -2 
192 -1 0 0 1 -4 0 3 -2 -1 -3 -3 2 -3 -4 -1 1 2 -2 -3 -2 
193 -3 0 2 2 -6 2 2 3 1 -5 -4 3 -2 -6 -3 -1 -3 -4 -4 -4 
194 -2 2 -1 -1 -2 0 0 -3 1 0 -1 1 1 2 -3 -1 0 3 2 1 
195 3 -5 -3 -4 -4 -4 -5 3 -5 3 1 -4 0 -2 -5 -2 -2 -5 -3 2 
196 -2 0 -1 -1 -4 -1 2 -3 0 1 -2 -1 -2 -1 -4 0 2 -1 3 2 
197 3 -5 -4 -5 -4 -4 -5 -1 -2 1 1 -3 2 4 -4 -1 1 -4 1 0 
198 -3 2 -2 -1 -5 -1 1 1 1 -3 -2 2 -3 2 -3 -2 0 5 3 -3 
199 -3 -1 6 2 -6 -3 -3 3 4 -5 -5 -1 -5 -3 1 -1 -3 -2 -4 -4 
200 4 -4 1 -1 -4 -2 -3 0 -3 -2 -2 -2 0 -2 3 1 0 -2 -3 1 
201 -2 3 0 -3 -3 1 -3 -4 -1 -1 -2 1 -1 0 -4 1 2 1 1 2 
202 -3 -3 -4 -4 -3 -3 -4 -5 -2 1 4 -4 2 5 -4 -4 0 -4 -1 1 
203 -3 2 -2 -2 -3 -1 2 -4 0 1 -2 1 0 1 -4 -2 -3 2 4 1 
204 -2 -5 -3 -6 -5 -3 -4 -6 -4 4 2 -4 1 4 -5 -4 -1 -1 -1 4 
205 0 -1 -1 2 -1 0 0 3 -1 -4 -1 2 -1 2 -2 -1 -3 -1 0 -3 
206 -2 -1 2 4 -6 1 0 4 -1 -5 -6 1 -5 -6 -2 -1 -1 -6 -4 -4 
207 -2 -2 -2 -2 -5 -2 -3 -4 -2 3 -1 0 0 -1 -5 -3 1 -2 -1 5 
208 -5 -2 1 -2 -5 -3 -4 -5 -2 -6 -3 -1 -6 -2 8 -2 -2 -7 -1 -3 
209 -3 -4 -4 -5 -5 -3 -5 -4 -4 4 1 -2 1 -1 -5 -2 1 -3 -3 4 
210 -1 -6 -7 -7 -4 -4 -6 -5 -6 3 4 -6 2 6 -5 -6 -4 -5 -1 0 
211 0 -3 -4 -5 -6 -3 -3 -1 -1 -4 -4 -3 -2 0 1 -1 0 4 8 -3 
212 -1 -3 -4 -4 2 -3 -4 -1 -4 2 3 -3 1 2 -3 1 1 1 -1 0 
213 -5 -4 -2 0 -8 -4 0 -4 -4 -7 -5 -2 -7 -3 8 -5 -5 -9 -6 -6 
214 -3 2 -3 -5 -6 -3 -3 -3 0 -3 -3 -2 -3 4 -4 -3 -3 5 7 -1 
215 -1 -3 -2 -2 0 -4 -4 2 -3 1 2 -5 3 5 -6 -4 -4 1 2 -1 
216 -1 1 0 -1 -4 1 0 -2 -1 0 -2 -1 -2 3 -3 2 1 -1 2 0 
217 -2 -3 -3 -6 -5 -1 -5 -3 2 0 1 -3 1 6 -6 -3 -2 -1 4 0 
218 -2 -2 -1 -2 -5 -3 -3 -3 -2 -3 -5 -3 -5 -3 7 1 -1 -5 -3 -2 
219 -2 -4 -1 1 -4 -4 -3 -3 -3 3 2 -3 1 1 -1 -3 0 -4 2 1 
220 -2 0 1 4 -5 -2 -1 1 -2 -4 -4 1 -4 -4 1 2 2 -3 -2 -3 
221 -1 1 1 3 -4 0 1 0 -1 -3 -2 1 -3 -2 -2 1 1 -4 -2 0 
222 -2 3 1 1 -4 1 2 0 -1 -3 -3 3 -3 -3 -1 -1 0 -4 -3 -3 
223 -2 7 -1 -4 -6 0 -2 -2 -3 -4 -5 1 -3 -4 -2 -1 -2 -4 0 -3 
224 -1 3 -2 0 -4 3 1 -2 0 -2 -3 4 -1 -4 -2 1 0 -2 -3 -2 
225 -2 -2 -1 -2 -5 -1 -1 -1 -3 -2 -4 -2 -5 -4 1 5 3 -6 -3 -3 
226 -2 -2 -1 -3 -7 -3 -5 7 -3 -5 -5 -2 -3 -3 -2 -2 -3 -3 -4 -4 
227 -4 -4 -3 -4 -5 -3 -4 -5 -1 2 3 -3 -2 6 -1 -3 -3 1 2 0 
228 -4 -4 -4 -5 -3 -4 -4 -3 -5 2 5 -5 0 2 -2 -3 -3 -2 -1 -1 
229 -1 -3 -1 -3 -3 -2 -3 -2 -2 2 0 -2 3 3 1 -1 0 -1 1 1 
230 -4 -4 -5 -3 -7 -4 -5 -6 -6 -3 -3 0 -5 -2 8 -3 -3 1 -4 -2 
231 -2 2 2 -1 -4 1 0 0 0 -2 -3 0 -2 -3 -4 2 3 -2 -2 -2 
232 0 -5 -5 -5 -5 -4 -5 -4 -4 3 1 -5 0 5 -1 -2 -2 0 3 1 
233 -2 0 -2 0 -6 -2 -3 5 -4 -2 -5 1 -2 -2 -5 2 -1 -5 -3 -3 
234 -3 -2 0 -1 -4 1 0 -2 1 1 -1 -3 1 2 -4 1 1 -2 5 -1 
235 -2 -1 2 4 -5 -2 1 0 -2 -5 -5 -1 -5 -4 -5 4 1 -3 -2 -4 
236 -2 0 2 2 -5 0 0 -1 -2 -4 -3 -1 -3 -3 -2 4 1 -3 2 -4 
237 -2 3 2 3 -4 0 0 -2 -1 -2 -2 1 -3 -3 -3 0 1 -5 0 -2 
238 -2 2 3 3 -4 0 0 1 -1 -3 0 0 -2 -1 -4 0 -1 0 -1 -3 
239 -4 0 -4 -5 -7 -5 -6 7 -5 -5 -8 -2 -7 -8 -6 -4 -4 -7 -4 -7 
240 0 -4 -4 -5 -4 -2 -5 -4 -4 1 2 -4 1 5 -3 -2 0 2 3 1 
241 -2 -3 -2 1 -5 -1 2 2 -2 1 -2 -3 -1 3 -5 -1 -1 1 4 -1 
242 -2 -4 -5 -6 -5 -4 -2 -5 -3 3 3 -4 0 3 -6 -4 -1 -1 4 3 
243 0 1 0 -1 -4 2 2 1 -1 -2 -2 1 -1 -2 -4 2 1 -4 -2 -2 
244 -1 0 0 1 -2 3 -2 0 -3 1 1 -2 0 -1 -3 -2 1 0 -2 1 
245 -3 -3 -2 -1 -7 -3 -2 3 -2 -5 -5 -2 -6 -6 6 2 -1 -7 -2 -5 
246 -4 -4 -5 -7 -4 -6 -7 -7 -3 2 1 -3 -4 4 -7 -6 -3 2 8 0 
247 -4 -4 -3 -2 -7 -3 -1 -6 -3 -4 -4 -3 -4 4 -2 -1 -3 -3 8 -3 
248 -4 -4 -7 -7 -5 -2 -6 -4 0 1 1 -4 -3 5 -2 -5 -4 9 3 -1 
249 2 -2 5 1 -5 -2 -2 -2 -3 -1 -3 -2 -4 -2 1 -1 -1 -4 -1 0 
250 -3 0 -2 -2 -4 -3 -3 -4 -5 5 3 -1 0 0 -1 -3 -2 -4 -3 0 
251 4 -2 2 1 -4 -2 -2 1 -3 -4 -3 -1 -3 -2 -2 2 0 -3 -1 -4 
252 -3 0 0 4 -6 -2 1 -2 -3 -5 -4 0 -6 -6 6 -2 -1 -7 -6 -5 
253 -3 -1 5 1 -5 1 -1 -1 3 -4 -5 0 -4 -3 -3 1 -1 0 3 -4 
254 -1 1 -2 -4 -2 -1 -3 -3 -2 0 0 -1 3 3 -4 -1 0 4 5 0 
255 -4 0 -1 7 -7 0 -1 -3 -2 -4 -5 -1 -6 -3 -4 0 -1 -8 -4 -5 
256 3 -5 -4 -3 -3 -5 -5 -1 -2 0 4 -5 2 2 -5 -3 -2 3 -2 -1 
257 -1 -1 -1 -2 -5 -1 -1 -2 -3 -2 -2 0 -3 -1 -5 0 6 -6 -1 -3 
258 -1 -6 -5 -7 -5 -6 -5 -4 -6 4 4 -6 -1 4 -5 -4 -2 -3 -2 2 
259 0 0 0 0 -4 0 0 -2 0 -2 -1 -2 -3 -1 -4 1 5 -4 1 -3 
260 0 -5 -4 -6 -6 -5 -5 2 -6 -2 1 -5 -2 0 7 -2 -2 -6 -2 -2 
261 -3 3 0 3 -4 3 0 -2 2 -4 -3 0 -1 -3 -4 -1 0 -3 1 -3 
262 -2 -5 -5 -5 -5 -5 -5 -3 -3 3 1 -4 -1 3 -3 -4 -3 3 7 1 
263 -2 1 -2 -6 -5 -3 -5 -5 -2 0 1 -4 5 3 -5 -1 -1 2 6 -3 
264 -1 -4 -1 -1 -5 1 -1 -2 -2 -1 -2 -3 -4 -1 -3 4 4 -6 -4 -1 
265 -2 2 3 0 -6 3 1 -2 -1 -3 -4 5 -3 -4 -4 -1 -2 -4 -3 -5 
266 -2 6 -2 -2 -6 2 -2 2 1 -4 -3 1 -1 -4 -5 -1 -2 -6 -3 -3 
267 0 -5 -1 -2 -6 -3 -5 6 -4 -5 -5 -3 -4 -6 -4 2 -1 -6 -5 -4 
268 0 0 0 0 -1 0 0 0 0 0 0 0 0 0 1 0 0 0 0 0 
269 -1 -2 -3 -4 -3 -2 -2 0 -3 1 1 -3 0 3 1 -2 -1 6 2 1 
270 0 0 -1 -2 -3 2 0 2 -2 -1 1 1 4 -1 -3 -2 -1 -2 -2 -1 
271 0 -3 -2 -4 -3 -2 -3 0 -2 1 3 -3 1 1 0 -2 -1 3 1 1 
272 -1 1 1 0 -4 2 2 3 0 -4 -3 0 -2 -3 -3 1 -1 -1 -1 -3 
273 2 -3 0 -2 -3 -3 -2 2 -3 0 0 -3 0 1 -1 0 1 1 0 0 
274 -1 1 1 2 -6 2 5 -1 -3 -4 -4 0 -3 -6 -4 -1 0 -6 -3 -4 
275 -1 -5 -2 -5 -4 -3 -5 -2 -1 0 0 -5 1 6 -4 0 -1 3 5 -1 
276 -3 7 1 -2 -6 -2 -1 -3 0 -4 -5 -1 -4 -5 -6 -2 -1 2 -2 -4 
277 -3 -2 -3 -5 -5 2 -5 -6 2 -5 -5 -1 -3 2 -7 -4 -6 4 8 -5 
278 0 3 0 -2 -3 -1 -2 -3 -2 0 3 1 0 -2 -3 -1 -1 -3 -1 0 
279 -2 -1 1 0 -3 0 0 0 -1 -2 0 2 -1 2 -1 1 2 -1 0 -1 
280 0 3 0 2 -4 0 1 -1 -1 -4 -4 1 -3 -4 3 1 -1 -2 -1 -3 
281 -1 1 2 1 -2 0 -1 0 0 -2 -1 1 -1 1 -1 0 0 2 1 -2 
282 -1 -3 -1 -1 -3 -1 -4 4 1 -3 -2 -3 -3 2 -5 1 -1 -1 4 -3 
283 0 1 2 0 -2 1 1 -2 -2 -3 -3 1 0 -1 -2 3 1 -3 0 -3 
284 -1 -4 -3 -4 -5 -4 -3 6 -1 -1 -1 -4 -2 0 -5 -2 -1 -1 2 -3 
285 -1 0 2 0 -3 2 1 -1 -1 -1 -1 0 0 0 -3 1 1 0 -1 -1 
286 -1 -4 -4 -5 -4 -5 -5 -3 -5 4 3 -5 1 4 -5 -3 -2 1 -1 2 
287 0 2 3 1 -4 0 1 -1 0 -2 -2 0 -1 -2 -3 1 1 -2 0 -3 
288 1 -3 -2 -3 -3 -3 -4 3 -2 0 1 -2 1 3 -4 -1 0 -2 2 0 
289 0 1 1 2 -4 -1 2 2 -2 -3 -3 -2 -2 -2 -3 2 -1 -2 1 -2 
290 -1 -2 -4 -5 -6 -4 -5 -3 0 0 -1 -3 -2 3 -6 -4 -4 5 8 -1 
291 -1 -3 -2 -4 -4 1 0 -3 -3 2 3 -3 2 2 -4 -1 0 -2 0 -1 
292 -1 1 2 0 -4 0 0 -1 1 -1 -3 0 -3 -2 4 0 -1 0 2 -2 
293 -3 -1 3 4 -4 0 0 -2 3 -2 -2 -1 -2 -2 -3 1 0 -3 1 -3 
294 -2 1 0 6 -5 0 -1 -2 -3 -1 -4 2 -4 -2 -4 1 -2 -5 -2 -2 
295 -2 2 2 2 -4 1 0 -1 -2 -2 -2 2 -2 -2 -2 0 1 -4 -1 -2 
296 0 0 0 1 -2 0 1 1 -1 0 0 0 0 0 0 1 0 -2 -1 0 
297 -1 0 -1 1 -1 0 1 -1 0 0 -1 -1 -1 1 0 0 0 0 4 -1 
298 0 0 0 1 -1 0 0 0 0 -1 -1 0 -1 0 0 0 0 -1 0 -1 
299 -1 1 1 3 -2 0 1 -1 -1 -1 -2 2 -2 -2 -1 0 0 -2 -2 -2 
300 -1 0 1 1 -2 1 2 2 -1 -1 -1 0 -2 -2 -1 0 0 -2 -2 -1 
301 -1 0 0 0 -1 0 0 0 0 0 0 0 0 1 1 0 0 -1 1 0 
302 0 -1 1 1 -2 0 0 1 -1 -1 -1 0 -1 -1 3 0 0 -1 -1 -1 
303 -1 0 1 3 -2 0 1 0 -1 -1 -1 0 -1 -1 0 0 0 -1 -1 -1 
304 0 0 0 1 -2 0 0 0 0 -1 0 0 -1 1 0 0 0 -1 2 -1 
305 0 0 0 1 -2 0 1 -1 0 0 -1 0 -1 -1 1 1 1 -2 0 -1 
306 -1 1 3 1 -3 0 0 0 2 -2 -2 1 -2 -2 0 0 0 0 0 -2 
307 0 2 1 1 -2 1 0 0 0 -3 -2 1 -2 -2 -1 1 1 -3 -1 -2 
308 -2 0 3 3 -4 0 0 -2 0 -3 -3 2 -2 0 0 1 1 0 -1 -3 
309 -4 7 -1 1 -7 -1 -3 -4 1 -2 -4 -1 -3 -4 -6 0 -2 -3 -3 -3 
310 -3 -4 -5 -5 -5 -3 -5 2 -1 -4 -4 -3 -3 3 -5 -2 -3 9 6 -4 
311 0 1 1 -2 -3 0 -1 1 1 -2 0 0 0 1 -3 0 -2 3 2 -2 
312 0 -3 -4 -5 -3 -4 -4 -2 -3 3 2 -4 -1 3 -4 -3 -2 0 2 2 
313 -1 2 1 1 -4 2 1 -1 1 -2 -1 0 -2 1 -3 1 0 -1 1 -1 
314 0 -5 -4 -6 -5 -3 -5 0 -3 0 0 -5 0 2 -5 -2 -2 10 2 -1 
315 -1 2 2 0 -4 3 0 -2 0 -2 -2 2 -1 -2 -4 2 1 -3 -3 -3 
316 -2 -4 -1 -2 -6 0 -2 1 10 -5 -5 -4 -2 -3 -5 -3 -3 -3 1 -6 
317 -1 3 3 1 -3 2 0 -2 1 -4 -3 1 -3 -3 -4 2 1 -4 -1 -3 
318 -2 -2 -2 -3 -5 5 -1 3 3 -3 -3 -2 -1 2 -1 -1 -1 2 1 -3 
319 -1 0 2 4 -4 2 0 -1 1 0 -2 -1 -1 -1 -3 0 0 -2 0 0 
320 -1 -3 -4 -5 -4 -2 -4 -3 -4 2 3 -3 2 4 0 -1 -1 0 0 -1 
321 -1 0 4 3 -4 -1 -2 1 -1 -4 -3 -1 -2 -4 1 1 0 -1 -3 -4 
322 -1 0 1 2 -5 2 1 0 -1 -5 -4 0 -2 -3 4 1 0 -5 -2 -4 
323 -2 2 3 2 -4 0 0 2 1 -4 -4 0 -4 -3 -3 1 1 -5 -2 -1 
324 -3 -6 -7 -7 -6 -5 -7 -6 -6 -2 2 -7 0 5 -7 -2 -1 10 0 -1 
325 -2 4 1 -2 -4 1 -1 -1 0 -4 -2 0 -2 -2 -4 3 1 -2 -1 -3 
326 3 -4 -3 -4 -1 -4 -4 0 -4 -1 2 -4 -1 4 -5 -1 0 2 0 0 
327 -1 1 4 1 -4 0 0 1 -1 -3 -4 0 -3 -2 -4 3 0 -5 1 -4 
328 1 -5 -5 -5 -4 -5 -5 -1 -5 3 1 -4 -1 2 -5 -2 -2 1 -1 4 
329 -5 -2 6 6 -7 -3 -2 -5 -2 -6 -6 -4 -6 -7 -6 -2 -3 -8 -3 -5 
