0 -2 -1 -3 -3 -2 -1 -2 -3 -2 0 2 1 7 -1 -3 -2 -1 -2 -2 0 
1 0 2 -1 -2 -2 0 -1 -2 -2 0 0 3 -1 1 -2 0 0 -3 -1 -1 
2 -1 1 -2 -3 -2 -1 -2 -3 -2 1 2 -1 5 0 -3 0 -1 -2 -1 1 
3 -1 3 0 -2 -3 0 -1 -2 -1 -3 -3 5 -2 -2 -2 2 -1 -3 0 -2 
4 -2 3 0 -2 0 2 -1 -3 -2 0 -2 4 -2 -1 -2 1 0 -3 -1 -2 
5 -2 -2 -4 -5 0 -3 -4 -5 -4 3 4 -3 0 1 -4 -3 -1 -3 -2 1 
6 0 -1 -4 -4 -2 -3 -4 -4 -4 2 5 -3 0 1 -4 -1 -2 -3 -2 0 
7 -2 -3 -4 -4 -3 -2 -3 -4 -3 3 2 -3 1 5 -4 -2 -2 -2 1 2 
8 2 -2 -2 -3 5 -2 -2 -1 -2 0 1 -2 -1 1 -2 1 -1 -2 -2 0 
9 0 -2 -3 -3 -2 -2 -3 -1 -3 2 3 -2 2 1 -3 0 -1 -2 -1 1 
10 0 -2 -3 -3 0 -2 -3 -2 -3 1 3 -2 3 1 0 -2 -1 -2 -1 1 
11 -1 -3 -3 -4 -2 -3 -3 -4 -3 1 4 -3 2 4 -3 -2 -2 -2 -1 1 
12 1 -3 -3 -4 -3 -3 -3 -3 -3 2 3 -3 2 2 -3 -1 -1 -1 -1 2 
13 1 -1 -1 -1 -1 -1 -1 1 -1 0 1 -1 1 1 -1 0 0 0 -1 0 
14 1 -3 -3 -3 2 -2 -3 -1 -2 2 2 -2 1 3 -2 -1 -1 1 -1 1 
15 2 -2 -1 -2 -1 -1 -2 1 -2 -1 -2 -2 -1 1 1 3 1 -3 -2 -1 
16 1 -2 0 -2 -2 -1 -2 0 -2 -1 0 -2 0 -1 1 3 1 -4 -2 0 
17 2 -2 0 -2 0 -1 -1 -1 -2 0 0 -2 0 0 1 0 1 0 -1 1 
18 4 -2 -1 -2 0 -2 -2 -1 -2 -1 -2 -1 -1 -2 -2 2 1 0 -2 1 
19 0 -2 0 -2 0 2 -2 -3 3 -2 0 -2 0 3 -3 -1 -2 5 3 -2 
20 4 -3 0 -1 -3 -1 -1 1 -2 -2 -3 -2 -3 -1 -2 2 -1 -4 -3 -2 
21 2 -2 1 1 -3 2 1 -1 -2 -2 -2 0 -2 0 0 0 0 -3 -2 0 
22 -1 -3 -3 -2 -4 0 -1 -3 -3 -2 -1 -1 -1 5 4 -3 -2 -1 5 -2 
23 -2 2 -2 -3 -4 -1 -1 -4 -4 2 0 0 -1 -2 0 -1 3 -4 -2 3 
24 -1 -7 -6 -8 -6 -7 -7 -8 -8 6 2 -7 -3 -1 -5 -6 -4 -7 -5 5 
25 1 1 2 0 -3 1 0 0 -1 -3 -4 2 -3 -4 -3 2 1 -3 -1 -1 
26 -1 1 2 4 -6 1 2 0 -3 -5 -6 2 -5 -6 -5 1 -1 -7 -5 -4 
27 -4 -7 -6 -8 -6 -4 -8 -8 -5 7 -1 -7 -3 -1 -6 -6 -5 -4 -5 5 
28 -1 3 0 0 -3 2 2 -3 0 -1 -2 2 -3 -3 -4 0 1 -5 -3 1 
29 -4 -7 -6 -7 -4 -7 -7 -8 -7 5 -1 -7 -3 5 -6 -6 -4 -4 2 5 
30 -3 1 1 1 -6 1 4 -5 1 -1 -4 2 -2 -5 -4 0 1 -6 -3 0 
31 -5 -7 -1 -5 -8 -5 -7 8 -6 -7 -7 -6 -8 -9 -7 -4 -7 -8 -9 -6 
32 0 -4 5 -3 -4 -3 -2 -3 -5 1 3 -3 -2 -3 -3 -2 -1 -3 -2 1 
33 -2 2 0 0 -6 4 1 -2 0 -3 -4 3 -4 -4 -2 0 0 -6 -2 -2 
34 -2 5 0 -2 -6 0 0 -1 2 -3 -4 3 -4 -2 0 0 -1 -5 0 -3 
35 -2 -3 -2 -3 -4 -3 -1 -2 -4 4 2 -3 0 0 -5 -1 -1 -4 2 3 
36 -1 -1 1 3 -5 0 3 -2 -4 -4 -1 2 -4 -4 0 2 0 -5 -4 -4 
37 2 0 -1 2 -4 1 2 -2 -3 -2 -2 1 -3 -4 2 0 0 -5 -3 -1 
38 0 -2 1 3 -5 2 3 2 -1 -4 -5 0 -2 -4 -2 1 -1 -6 -1 -4 
39 1 -2 -1 2 -4 0 1 -3 -2 0 -1 0 -1 -2 -3 0 3 -5 -2 0 
40 0 -6 -7 -7 -5 -5 -7 -7 -7 5 3 -5 0 -2 -7 -6 -4 -3 -5 4 
41 -1 2 -1 -2 -4 0 0 -4 -2 1 2 1 -1 2 -3 -1 -1 -4 1 -1 
42 1 0 2 1 -4 0 1 0 -2 -3 -2 1 -2 -2 -2 2 0 -5 -3 -2 
43 0 0 0 -2 -4 -1 0 -4 -1 1 1 1 0 0 -4 -1 0 -3 4 1 
44 -1 -4 -3 -6 -3 -4 -5 -5 -6 4 3 -4 3 0 -6 0 0 -5 -2 2 
45 -2 0 0 -1 -5 1 -1 3 -1 -4 -4 2 -3 -4 4 0 0 -6 -3 -4 
46 -3 -5 -5 -4 -5 0 -4 -5 -5 3 3 -4 0 0 -2 0 2 -4 -3 2 
47 -2 4 1 -2 -6 3 -1 -2 0 -4 -4 5 -3 -3 -4 -1 -1 -5 -1 -3 
48 0 0 -4 -3 -5 -1 0 -5 -5 1 -2 2 -4 -4 4 -1 0 -6 -5 3 
49 -4 0 2 -3 -7 -4 -5 7 -3 -7 -6 -5 -5 -6 -6 -3 -5 -7 -5 -8 
50 -1 1 -2 5 -6 3 2 0 -4 -4 -5 1 -2 -5 -5 0 0 -6 -4 -3 
51 -1 1 0 -1 -4 1 1 -3 -2 1 -1 1 0 -3 2 0 2 -4 -2 1 
52 -1 -6 -5 -6 -5 -6 -6 -6 -5 4 2 -5 -1 4 -4 -5 -1 -3 4 3 
53 -3 -2 3 4 -5 -2 -2 -3 -3 -4 -4 -3 -4 -4 -3 3 4 -4 -3 -4 
54 0 0 0 3 -5 2 2 1 -2 -2 -2 -1 -2 -4 3 0 -1 -4 -3 -3 
55 1 -1 1 2 -4 1 2 -1 -2 -2 -2 0 -3 -2 -1 1 0 -4 -1 -2 
56 0 1 1 2 -5 2 1 -3 -2 -2 0 3 0 -3 -2 -1 0 -5 -4 -1 
57 0 -6 -6 -7 -5 -5 -5 -3 -6 5 3 -5 0 0 -5 -3 -2 -6 -2 3 
58 1 1 2 3 -5 2 1 -2 -3 -4 -3 0 -4 -4 -3 2 1 -3 -3 -3 
59 1 2 2 2 -5 2 2 -3 -1 -4 -4 2 -3 -5 -2 0 0 -6 -5 -4 
60 4 -3 -2 4 -5 -4 -2 -2 -5 1 -2 -3 -2 -4 -5 1 -1 -5 0 -1 
61 -1 -2 -6 -6 -4 -3 -4 -6 -5 6 2 -2 -1 -1 -6 -4 -2 -5 -1 3 
62 -2 4 0 -2 -6 2 1 -3 -2 -4 -2 5 -4 -6 -5 -2 -2 -4 -4 -2 
63 3 3 2 0 -5 -1 0 -3 -2 -3 -4 3 -1 -4 -5 1 0 -1 -2 -3 
64 -2 -6 -6 -7 -6 -5 -5 -7 -3 3 5 -2 0 1 -7 -6 -4 -3 2 0 
65 -4 -3 -5 -5 -7 -3 -6 -7 -1 -3 0 -2 -1 5 -8 -5 -5 6 8 -3 
66 3 2 1 2 -5 1 1 -1 -3 -3 -3 2 -3 -5 -4 0 -2 -6 -2 -3 
67 -2 -3 -2 0 -5 2 1 -4 0 -2 0 1 0 -4 -5 2 5 -6 -3 -4 
68 -3 -2 0 -1 -7 -2 -1 6 -3 -8 -7 2 -7 -7 -4 -2 -3 -3 -7 -7 
69 -4 1 0 -4 -3 -2 -4 2 -1 -2 2 -2 -2 4 -6 -4 -3 -2 5 -3 
70 -7 -7 -5 -7 -8 -8 -8 -9 -6 -1 -3 -8 -6 9 -7 -6 -7 -4 5 -3 
71 1 0 0 3 -5 0 2 -2 -2 -4 -1 1 -4 -3 -3 2 0 -3 0 -4 
72 -3 -1 4 6 -5 -1 0 -3 -2 -4 -4 -1 -4 -4 -3 0 0 -4 -2 -4 
73 2 -7 -6 -6 -4 -5 -5 -6 -7 4 -2 -6 -3 -4 -5 -3 0 -7 -5 6 
74 -2 2 1 0 -4 2 2 -3 -2 -3 -4 3 -3 -4 -4 1 1 -1 -1 -1 
75 0 -5 -6 -6 -4 -5 -6 -7 -4 5 1 -5 -1 -1 -2 -5 -3 -6 -2 5 
76 -1 1 1 1 -4 0 2 -2 0 -2 -1 1 -2 -1 -1 1 1 -2 1 -1 
77 0 3 -1 -1 -4 2 0 -2 -1 0 0 0 -2 -1 1 -1 0 -4 -2 1 
78 -1 0 1 3 -4 1 3 0 -2 -3 -3 1 -3 -5 -1 0 -1 -6 -4 -1 
79 -2 -2 3 1 -4 0 0 6 -3 -6 -6 -1 -6 -4 -4 -2 -3 -7 -3 -5 
80 -1 -2 4 2 -5 -1 -1 2 -3 -1 -2 -1 -3 -4 -4 -1 -1 -4 -2 2 
81 -1 1 2 2 -4 0 -1 -3 -2 1 -2 2 -2 -3 -4 -1 2 -4 -3 2 
82 -4 -5 -8 -8 -6 -6 -6 -8 -7 2 5 -5 1 -2 -6 -6 -4 -3 -4 3 
83 -2 -1 -1 -1 -3 -2 0 -5 -1 3 0 -1 -2 -1 -5 -2 2 -4 -3 4 
84 -4 -6 -7 -8 -5 -4 -6 -8 -6 4 0 -6 -2 6 -6 -6 -5 -2 3 4 
85 -2 1 2 1 -4 2 1 -4 2 0 -2 1 -2 -1 -4 0 1 -3 0 0 
86 -4 -6 -7 -8 -5 -5 -7 -6 -6 4 1 -6 -3 0 -7 -6 -4 -7 -4 6 
87 -1 0 1 2 -5 2 2 -4 -2 -2 -3 3 -3 -3 -4 -1 2 -2 -4 1 
88 -3 -1 -2 -1 -9 0 7 -5 -4 -8 -6 -1 -5 -8 2 -4 -3 -8 -6 -5 
89 -3 4 3 -4 -4 -1 -2 2 -2 -4 -2 3 -3 -2 -5 -3 -3 -5 1 -2 
90 -2 -2 -3 -1 -6 -1 0 -4 -4 -3 -5 0 -2 -4 7 -2 -3 -2 -3 -1 
91 -1 2 -2 -3 -3 -2 -1 -3 -3 2 -1 2 -1 -1 -2 0 2 -2 0 2 
92 -3 -5 -7 -6 -6 -5 -6 -8 -8 7 1 -5 -3 -3 -4 -5 -4 -7 -5 4 
93 1 2 3 0 -5 0 0 0 1 -4 -4 2 -4 -4 -4 2 -1 -4 0 -2 
94 -1 3 1 2 -5 1 2 -1 -1 -4 -4 3 -4 -5 -3 2 -1 -6 -2 -4 
95 -4 -5 -8 -8 -6 -6 -7 -8 -6 7 1 -6 -3 -2 -7 -7 -4 -1 -3 5 
96 -1 1 2 1 -3 1 2 -3 -1 0 -2 1 -3 -2 -4 0 2 -5 -2 0 
97 -5 -5 -5 -7 -6 -7 -7 -8 -5 4 0 -7 -3 7 -7 -6 -5 -1 2 2 
98 -2 0 0 0 -3 1 3 -4 1 0 -3 2 -3 -4 -4 1 1 -6 -2 1 
99 -3 -7 -2 -4 -8 -7 -7 7 -7 -6 -7 -7 -8 -6 -6 -4 -7 -3 -4 -6 
100 0 -3 7 -2 -6 -4 -3 -5 -4 0 -1 -3 -2 -4 -2 -2 -2 -4 -1 0 
101 -2 2 1 1 -6 0 2 -2 0 -5 -4 5 -5 -4 -4 1 0 -2 -4 -3 
102 2 0 0 0 -4 0 1 -2 -1 -1 -2 3 -2 -1 -2 0 -1 -1 -2 0 
103 -3 -3 -2 -3 -4 -3 -3 -3 -4 4 3 -2 -1 4 -5 -1 -3 -2 1 2 
104 -2 0 0 2 -5 0 1 -2 -3 -5 -4 4 -4 -4 1 3 0 0 -4 -4 
105 0 0 0 4 -5 0 2 -3 -2 -3 -3 2 -4 -4 0 0 1 -5 0 -2 
106 -1 0 0 4 -6 0 4 -1 -1 -5 -5 2 -4 -5 -1 1 -2 -3 -3 -5 
107 0 1 0 4 -5 2 2 -3 -3 -2 -4 2 0 -5 -3 -1 0 -3 -4 -1 
108 -2 -5 -7 -7 -6 -5 -7 -6 -7 4 5 -4 1 0 -7 -6 -5 -2 -2 1 
109 -1 3 1 0 -5 1 1 -3 -1 -1 1 3 -1 -4 -3 -1 -1 -4 -2 -3 
110 0 2 0 2 -6 2 2 0 -2 -6 -5 4 -3 -6 -1 1 -1 -5 -5 -4 
111 1 -1 0 -1 -3 0 1 -1 -2 1 0 1 -1 0 -3 0 0 1 -1 1 
112 -3 -6 -3 -7 -4 -6 -6 -7 -7 3 4 -5 4 2 -7 -4 -2 -3 -3 2 
113 0 1 0 0 -5 2 1 1 0 -3 -3 4 -2 -3 -2 0 0 -5 -3 -2 
114 0 0 1 0 -1 1 1 0 -1 -1 -1 1 -1 -2 -1 0 1 -1 -1 -1 
115 0 0 0 -1 -1 0 0 -1 -1 1 0 0 0 0 -1 1 1 0 -1 1 
116 0 0 1 -1 -2 0 0 4 0 -2 -2 1 -2 -2 -1 0 -1 -1 -2 -2 
117 -3 -4 -4 -3 -4 -2 0 -5 -4 3 3 -4 0 2 -3 -1 1 2 -2 0 
118 1 2 -1 -2 -5 2 0 -2 -2 -1 -2 3 -2 1 -1 0 0 0 -1 -2 
119 -1 1 0 -1 -5 0 2 -2 -3 -1 -3 2 -4 -5 4 0 -1 -6 -2 0 
120 -1 2 1 0 -5 -2 -2 5 -2 -5 -3 -1 -3 -4 -1 0 -2 -5 -3 -5 
121 0 1 0 2 -5 1 1 1 -2 -3 -4 1 -1 -4 -1 1 0 -3 -4 0 
122 0 -2 -2 -3 -4 0 -2 -4 -3 3 -1 1 -1 -1 3 -1 1 -5 -1 3 
123 -3 -6 -6 -5 -6 -7 -7 -7 -5 2 3 -6 -1 6 -4 -7 -4 -3 5 0 
124 -4 -2 4 5 -5 0 -2 -5 -3 -1 -3 0 -5 -6 -5 2 2 -7 -5 -2 
125 -1 3 -2 0 -6 1 3 -4 -3 -3 -2 1 -2 -3 4 -1 0 -5 -4 -3 
126 2 0 2 2 -4 1 2 -2 -2 -3 -2 0 -3 -1 -3 1 1 -4 -2 -1 
127 0 2 -1 0 -5 1 0 -3 -3 -2 1 3 1 -1 -4 -1 1 -4 -2 -1 
128 0 -4 -5 -6 -4 -5 -4 -6 -3 3 4 -4 0 2 -5 -4 0 0 1 2 
129 0 1 1 2 -5 3 4 -3 -1 -4 -3 2 -3 -3 -3 0 -1 -3 -3 -4 
130 1 3 1 0 -4 2 2 -1 -1 -3 -2 2 -3 -2 -4 0 0 -5 0 -3 
131 2 -5 -1 5 -5 -3 -3 -1 -5 1 -2 -4 -2 -2 -5 1 0 -6 -4 -1 
132 1 1 -3 -3 -2 0 2 -4 -4 1 0 3 -2 -2 -3 -1 -1 -5 -4 2 
133 0 1 2 0 -5 4 2 -2 -1 -2 -2 2 -2 -3 -3 -1 0 -5 -3 -3 
134 1 3 1 -1 -4 0 1 -1 -2 -1 0 2 -2 -3 -4 -1 0 -4 -1 -1 
135 -3 -7 -7 -7 -6 -6 -7 -7 -7 6 5 -7 1 -2 -7 -6 -5 -5 -6 0 
136 -1 3 0 -2 -4 2 2 -4 -1 0 0 3 -2 -5 -3 -2 0 -4 -3 -1 
137 0 2 1 3 -6 2 3 -3 -3 -5 -3 2 -4 -5 -5 0 -1 -6 -4 -4 
138 1 -2 -3 -4 -4 2 -2 -4 1 -1 1 0 -1 4 -5 -3 -2 2 4 -1 
139 -3 -7 -7 -8 -4 -6 -7 -7 -5 -5 1 -7 0 2 -8 -7 -6 -3 9 -4 
140 0 3 1 0 -4 2 0 -3 2 -1 0 1 0 0 -4 -1 -1 -1 2 -1 
141 0 1 3 2 -5 1 2 -2 -2 -5 -4 1 -4 -4 -4 3 -1 -5 -1 -4 
142 -2 3 2 -2 -5 2 1 -5 1 -1 -2 4 0 -3 -5 -1 -3 -4 -2 0 
143 -4 -6 -4 -6 -4 -7 -7 8 -7 -8 -8 -6 -7 -8 -7 -3 -7 -7 -6 -7 
144 -6 3 -5 -7 -6 -5 -6 -7 -1 -4 -3 1 -3 5 -7 -6 -6 0 8 -5 
145 -1 1 -2 -3 -5 -3 -4 -5 -1 0 1 -2 0 4 -2 -2 -2 -1 6 -1 
146 0 -2 4 5 -5 -1 0 -1 -1 -5 -2 -1 -4 0 -5 0 -2 -6 -3 -4 
147 5 -5 -3 -5 -2 -5 -5 -2 -5 -1 -5 -5 -2 0 -1 0 1 -6 -5 2 
148 -2 3 -1 1 -5 2 3 -3 -2 -3 -4 3 -3 -4 -5 0 2 -5 -2 -1 
149 -3 -7 -7 -7 -5 -7 -6 -6 -7 5 -2 -7 -3 -2 -7 -5 -2 -7 -5 7 
150 -2 -1 1 2 -4 0 2 -2 -2 -1 -2 1 -3 -4 -4 1 3 -4 -3 0 
151 1 -2 -2 -1 -4 -2 -1 -2 -1 1 -2 -2 -2 0 2 1 1 -2 3 1 
152 -1 1 0 2 -4 1 2 -4 -2 0 -3 1 -3 -3 0 1 1 -5 -3 0 
153 -2 -2 -2 -2 -3 0 -1 -3 -3 3 0 -1 -1 0 -2 0 2 -2 -1 3 
154 -1 0 -1 1 -3 0 1 -3 -1 2 -1 1 -2 -3 -3 -1 2 -4 -3 2 
155 -1 1 0 1 -5 0 2 -3 -1 -1 -3 1 -2 -3 4 -1 1 -3 -1 -1 
156 -1 0 1 1 -3 0 -1 -3 -2 0 2 0 -1 -1 -1 -1 0 -3 0 1 
157 0 -1 1 3 -4 -1 2 0 -3 -4 -3 0 -3 -4 3 1 0 -5 -3 -3 
158 -1 3 3 2 -5 1 1 0 0 -5 -5 2 -4 -5 0 -1 -1 -6 -4 -4 
159 -3 0 6 1 -6 -1 -1 2 -2 -6 -5 2 -5 -5 -3 -1 -1 -6 -1 -6 
160 -1 5 0 -1 -4 1 0 0 0 -4 -3 2 -3 -3 -1 0 0 -4 0 -3 
161 2 -3 -3 -5 -4 -3 -4 -4 -4 2 0 -4 0 0 -5 -2 -2 -3 0 5 
162 0 0 2 3 -4 -1 0 -2 -2 1 -2 1 -3 -1 -4 0 1 -4 0 0 
163 -3 -7 -6 -7 -5 -6 -7 -7 -7 5 4 -6 1 -4 -7 -6 -5 -4 -3 5 
164 -2 0 1 1 -4 -1 -1 -4 -1 1 -2 1 -3 -2 -4 -1 3 -4 0 2 
165 -5 -7 -7 -7 -6 -7 -7 -7 -5 4 1 -7 -1 6 -7 -7 -5 -4 5 1 
166 -2 0 3 1 -4 1 1 -3 1 0 -2 2 -2 -1 -3 0 2 -4 0 0 
167 -4 -7 -7 -8 -5 -7 -6 -8 -6 7 -1 -7 -2 1 -6 -7 -5 -7 -6 5 
168 -1 -1 3 3 -5 1 2 -4 1 -2 -4 1 -3 -2 -5 0 2 -2 -1 -1 
169 -2 -1 -4 -4 -8 -2 7 -6 -4 -7 -4 1 -4 -6 1 -3 -2 -7 -7 -5 
170 -4 -3 1 -3 -7 -5 -3 7 -2 -8 -7 0 -7 -5 -6 -3 -5 -7 -3 -7 
171 -1 0 0 2 -5 1 3 -3 -2 -3 -3 2 -3 -4 3 -1 -1 -6 -5 -1 
172 -1 3 -1 -4 -3 2 -1 -4 -3 -2 -1 4 -3 -4 3 0 -1 -5 -4 0 
173 2 -5 -5 -6 -5 -4 -5 -4 -1 1 -2 -4 -1 1 -3 -1 2 0 6 2 
174 -3 3 -2 -3 -3 -1 -1 -2 0 0 0 4 -2 0 -3 -2 0 -4 3 -1 
175 -4 -7 -6 -7 -6 -7 -6 -7 -5 6 0 -7 -3 2 -7 -7 -4 -6 -1 4 
176 -1 3 0 2 -4 1 0 2 0 -4 -5 3 -4 -4 -4 1 0 -3 -4 -2 
177 -1 1 2 3 -6 2 2 -1 1 -5 -5 2 -5 -6 -4 2 -1 -5 -4 -5 
178 -5 -7 -6 -8 -5 -6 -8 -7 -8 7 0 -7 -2 0 -6 -5 -3 -4 -1 4 
179 -1 1 4 1 -4 0 1 -3 0 -1 -3 1 -3 -3 -5 1 2 -6 -1 -1 
180 -6 -6 -7 -6 -7 -7 -7 -8 -6 5 -1 -6 -3 7 -6 -6 -3 3 2 2 
181 -2 -1 -1 0 -2 0 3 -3 -1 1 -1 0 -2 -2 -4 0 1 -4 -2 3 
182 -3 -4 -2 -3 -4 -4 -4 7 -3 -4 -5 -4 -5 -5 -4 -1 -3 -4 -3 -5 
183 0 -2 7 0 -4 -2 -1 -3 -2 -2 -2 -2 -4 -4 -3 -1 -1 -2 -4 -1 
184 -1 0 1 1 -4 1 2 -2 2 -3 -2 3 -3 -3 0 0 2 -4 -2 -2 
185 1 0 0 0 -3 0 0 0 1 0 -1 0 -2 -1 -1 0 -1 -3 -1 1 
186 -2 -4 -4 -3 -5 -3 -2 -4 0 3 1 -4 -3 6 -3 -4 -3 -4 3 1 
187 -1 -2 0 2 -5 -1 0 -2 -3 -5 -3 1 -4 -5 3 4 1 -5 -4 -4 
188 0 -2 0 4 -5 0 2 -3 -2 -3 -3 0 -4 -3 -1 1 1 -4 -2 -3 
189 0 1 0 2 -5 0 2 0 -1 -4 -4 2 -3 -3 0 1 -1 -3 -2 -3 
190 0 2 -2 2 -4 1 3 -3 -3 -2 -2 2 -2 -3 -3 -1 1 -4 -2 -1 
191 -2 -3 -6 -7 -6 -5 -4 -6 -7 3 6 -4 0 0 -6 -6 -5 -5 -2 0 
192 -1 4 -1 0 -4 1 1 -3 -2 0 1 2 -1 -2 -2 -1 -1 -5 -1 -2 
193 0 2 0 2 -5 0 2 0 -2 -4 -4 3 -4 -5 -1 2 -1 -4 -3 -4 
194 1 0 -1 -3 -3 1 0 -3 -2 2 2 0 1 -1 -3 -1 -1 -3 0 2 
195 -3 -4 -5 -5 -3 -4 -4 -6 -5 3 3 -4 5 4 -5 -3 -2 -3 1 1 
196 0 1 0 0 -4 2 2 1 -2 -2 -2 3 -2 -3 -1 0 0 -5 -3 -1 
197 -2 -2 0 -3 -3 -1 -3 -4 -4 2 3 -2 2 -2 -1 0 4 -5 -3 0 
198 -2 3 0 0 -4 1 0 -2 2 -3 -4 5 -3 -2 -3 0 0 -3 -1 -3 
199 -1 0 -2 0 -4 2 3 -3 -2 -2 -2 2 -2 -3 2 0 1 -5 -3 -1 
200 0 1 0 0 -3 -1 0 3 0 -3 -3 1 -2 -3 0 1 0 -2 1 -3 
201 0 1 1 1 -2 0 0 2 0 -1 -2 0 -1 -1 0 1 0 0 -1 -1 
202 -1 -1 -2 -2 -2 -2 -2 -2 -2 1 1 -2 0 3 0 -1 -1 7 0 0 
203 -1 -1 0 -2 -2 -1 -1 -2 -1 0 2 -1 2 3 -2 -1 -1 6 1 -1 
204 -1 2 2 -1 -2 -1 -1 0 -1 -2 -2 0 -2 -2 0 3 1 -1 -2 -2 
205 -1 -1 -2 -2 -2 -2 -2 -2 1 1 1 -2 -1 4 -1 -2 -1 6 0 0 
206 -1 -1 -1 -2 -1 -1 -1 -1 -1 1 2 -2 1 3 -1 -1 -1 2 1 0 
207 0 1 0 0 -1 0 0 0 0 -1 -1 1 -1 -1 0 1 2 -1 -1 -1 
208 0 1 1 0 -2 0 0 1 -1 -2 -2 2 -1 -2 1 1 0 -2 -2 -1 
209 0 0 2 2 -3 -1 -1 3 -1 -2 -2 0 -2 -3 0 1 0 -3 -2 -2 
210 -1 0 0 5 -3 0 0 2 -2 -4 -4 1 -1 -3 -2 1 -1 -5 -4 -3 
211 -1 1 -1 -3 -3 1 -1 -4 -2 1 0 2 -2 -2 0 -1 1 0 0 2 
212 -3 -5 -6 -7 -4 -5 -6 -7 -4 -1 1 -6 0 6 -6 -6 -3 -3 8 -1 
213 -2 -1 4 4 -5 0 -1 -4 -2 -1 -4 0 -4 -5 -5 3 1 -6 -4 -2 
214 0 2 -2 -1 -5 1 2 -2 -2 -1 -2 2 -1 -3 2 -1 -1 -2 -2 -1 
215 0 0 0 3 -5 2 3 -2 -3 -3 -2 1 -3 -3 -3 1 0 -6 -4 0 
216 -1 3 1 1 -5 2 1 -2 -3 -3 0 3 -2 -4 -4 -1 -1 -4 -2 -1 
217 -1 -5 -7 -7 -4 -5 -6 -5 -6 2 4 -5 1 3 -1 -5 -3 0 2 2 
218 0 1 1 2 -6 3 3 -3 -2 -3 -2 1 -2 -3 -3 0 -1 -5 -3 -3 
219 1 0 1 1 -5 2 2 0 -1 -3 -2 2 -3 -1 -3 0 -1 -5 1 -2 
220 0 -1 -1 7 -7 -4 2 -2 -4 -3 -4 -4 -5 -4 -7 0 -1 -8 -4 -4 
221 0 2 -3 -3 -3 0 0 -3 -4 2 2 2 0 -2 -3 -1 -2 -3 -3 1 
222 0 0 1 2 -7 3 4 -3 -2 -4 -3 2 -3 -4 -4 0 -1 -7 -4 -4 
223 2 3 1 0 -4 1 -1 -2 -2 -2 0 1 -2 -4 -5 0 1 -6 -4 -1 
224 -1 -8 -8 -8 -7 -6 -7 -5 -8 5 5 -7 1 -2 -8 -6 -5 -7 -6 2 
225 -1 4 0 -3 -6 1 1 -3 -1 0 -1 1 -1 -2 -4 0 2 -6 -1 -1 
226 1 1 3 3 -5 1 1 -3 -2 -3 -4 1 -4 -4 -2 2 0 -4 -3 -3 
227 0 -1 -3 -4 -5 -2 -3 -5 -1 -1 3 0 0 4 -5 -4 -2 1 5 -1 
228 -2 -5 -5 -5 -4 -4 -5 -5 -3 -2 3 -5 1 1 -4 -4 -3 -3 8 -1 
229 0 3 1 -3 -4 2 0 -2 2 -2 1 1 1 -2 -4 -1 -2 0 1 -2 
230 1 -1 5 3 -5 0 1 -3 -3 -5 -6 0 -5 -4 -3 2 1 -5 -5 -4 
231 -2 4 3 -2 -3 1 1 -3 2 -3 0 1 0 -1 -5 -1 -1 -3 0 -4 
232 -5 -8 -5 -8 -7 -6 -7 8 -9 -10 -10 -6 -9 -10 -7 -7 -8 -1 -7 -10 
233 -7 -6 -8 -8 -6 -9 -8 -10 -2 -4 -4 -7 -2 5 -10 -8 -8 -1 10 -5 
234 1 0 -4 -6 -7 -6 -6 -6 -5 1 2 -5 0 5 -2 -4 -3 -2 6 -1 
235 -2 0 3 5 -5 1 0 -2 1 -6 -4 0 -3 3 -6 0 -1 -5 0 -5 
236 4 -6 -2 -5 -4 -4 -5 -1 -4 -2 -3 -6 0 5 2 0 -2 -4 0 1 
237 -2 3 2 0 -4 3 1 -3 0 -3 -4 2 -4 -4 -4 0 1 -4 -2 -2 
238 -1 -4 -5 -7 -5 -3 -4 -7 -6 5 -1 -2 -2 -1 -4 -4 -2 0 -3 5 
239 -1 0 1 3 -4 0 2 -1 -1 -1 -1 0 -3 -3 -3 1 2 -3 -2 0 
240 0 -1 0 1 -3 -1 0 -1 -1 -1 -2 -1 -3 2 1 3 -1 -2 2 -1 
241 0 -1 -2 1 -4 -1 0 -3 -1 1 -2 -1 -2 -3 3 0 2 -3 -1 1 
242 -2 1 0 1 -4 3 2 -2 -1 0 -1 0 -2 -1 -3 1 1 -3 -1 0 
243 0 -1 -3 -2 -3 -1 -1 -1 -3 2 0 -1 -1 1 -1 -2 0 -2 1 4 
244 -1 0 1 1 -4 1 2 -3 -2 -1 -3 1 -3 -3 -1 1 1 -1 -1 0 
245 0 1 -2 -2 -3 -1 -2 -3 -1 2 1 0 0 1 0 -2 0 -1 1 2 
246 -1 -1 2 3 -3 0 0 -1 -1 -1 -2 0 -3 -2 -2 1 2 -4 -1 -1 
247 -1 1 0 1 -4 0 1 0 -2 -2 -2 1 -2 -1 4 -1 -1 -3 -3 -2 
248 -1 -1 2 5 -6 -1 2 0 -2 -5 -5 1 -4 -5 -1 0 0 -6 -4 -2 
249 -1 2 1 2 -3 -1 0 1 -1 -4 -3 3 -3 -3 1 0 0 -4 -3 -3 
250 -2 1 2 1 -4 0 0 1 1 -3 -2 4 -3 -4 -1 -1 -1 -3 0 -3 
251 -1 1 0 1 -3 0 0 2 1 -2 -3 2 -3 -2 0 1 1 -2 -2 -2 
252 2 -2 -3 -3 -3 -2 -3 -3 -4 3 0 -3 1 1 -1 -3 -2 -1 1 4 
253 -1 1 1 3 -4 0 0 -1 0 -1 -3 1 -3 0 -1 0 1 -3 2 0 
254 -1 -7 -7 -7 -6 -6 -7 -7 -6 5 3 -7 -1 -2 -5 -6 -4 -1 -2 4 
255 -2 0 0 0 -6 -1 1 -4 -1 1 -2 -1 -3 -4 -5 -1 5 -3 -1 2 
256 -2 -8 -8 -7 -6 -5 -7 -7 -6 4 2 -7 1 5 -8 -5 -4 -2 5 3 
257 -2 1 3 0 -4 0 -1 -4 1 -1 -2 2 -3 -1 0 0 2 -4 -1 0 
258 -3 -8 -7 -3 -7 -6 -6 -7 -6 5 0 -6 -1 -1 -1 -6 -5 -9 -1 5 
259 -1 -1 2 3 -6 1 2 -4 2 -2 -4 0 -3 -4 -3 0 2 -5 -2 0 
260 -1 -3 -2 -1 -9 -1 6 -4 -6 -5 -2 -1 -1 -6 4 -2 -2 -9 -7 -4 
261 -3 -3 1 -3 -10 -3 -3 7 0 -7 -6 -2 -7 -3 -4 -2 -2 -10 -1 -8 
262 -2 0 -1 0 -7 2 3 -4 -1 -2 -4 2 -4 -7 5 -2 -1 -6 -5 -3 
263 -3 4 -5 -5 5 4 -3 -5 -2 -1 -1 2 -5 -5 3 -3 -2 -3 -5 -1 
264 -1 -5 -6 -7 -6 -5 -7 -5 -1 0 -2 -5 -3 5 -6 -4 0 1 7 2 
265 -3 3 -1 -2 -6 0 -2 -6 2 -2 -1 3 -3 0 0 -2 3 -4 3 0 
266 -7 -8 -6 -8 -3 -7 -6 -9 -7 6 2 -7 -2 4 -5 -6 -6 0 -1 4 
267 -1 3 2 1 -6 0 0 3 0 -4 -6 2 -5 -5 -7 2 -1 -5 -5 -4 
268 -1 2 3 2 -6 1 1 1 1 -6 -7 2 -5 -6 -4 1 0 -3 -5 -5 
269 -2 -7 -6 -8 -7 -9 -8 -10 -7 6 0 -7 -2 2 -6 -5 -2 -5 -1 5 
270 -2 2 2 2 -6 1 2 -3 0 -1 -4 1 -4 -4 -5 0 2 -6 -1 0 
271 -6 -7 -7 -8 -4 -8 -7 -10 -7 5 3 -7 -3 5 -8 -8 -5 2 1 3 
272 -1 1 0 1 -5 1 3 -3 -1 0 -2 0 -4 -2 -3 1 2 -3 -2 1 
273 -2 -4 -1 -2 -4 -4 -4 7 -3 -2 -6 -3 -3 -4 -2 0 -1 -3 -4 -3 
274 1 -2 5 3 -5 -1 1 -2 -3 -4 -3 -3 -3 -1 0 0 -1 -5 -2 -2 
275 1 -2 0 1 -5 -1 0 -1 -1 0 1 -1 -1 -2 -1 0 3 -6 0 -1 
276 1 1 -1 0 -4 -1 -1 -2 -1 1 1 1 -2 -2 1 0 0 -4 -3 1 
277 0 0 0 0 -1 0 0 0 0 0 0 0 0 -1 1 0 0 0 0 0 
278 -1 -2 -3 -1 -2 -2 -1 -1 -2 1 2 -2 -2 2 0 -2 2 -3 2 1 
279 -1 0 1 2 -4 0 0 -3 1 -2 -2 1 -2 -3 3 2 1 -4 -1 -3 
280 0 -1 -1 4 -4 0 2 -3 -2 -2 -2 0 -2 -1 1 0 0 -1 -2 -2 
281 1 1 0 2 -5 1 3 -3 0 -4 -3 2 -3 -2 0 0 -2 -3 -2 -3 
282 0 -1 -2 2 -5 1 3 -3 -2 -1 -1 -1 -3 -1 -2 -1 0 0 0 2 
283 -2 -3 -5 -4 -5 -3 -4 -6 -5 4 4 -4 1 3 -6 -5 -3 -1 0 1 
284 0 4 0 0 -6 3 1 -3 -1 -2 0 1 0 -3 -1 -1 -1 -4 -2 -3 
285 2 4 0 0 -5 1 1 -2 -1 -4 -3 2 -4 -4 -1 1 -2 -4 -4 -4 
286 1 -1 -1 -1 -3 0 2 -3 -1 2 3 -1 0 -1 -3 -2 -1 0 -1 1 
287 -1 -3 -3 -4 -3 -3 -3 -4 -4 2 3 -2 1 2 -3 -1 0 2 -1 2 
288 1 2 0 0 -4 1 0 1 -1 -2 -1 2 -1 -2 1 0 0 -2 0 -2 
289 -2 -3 -2 -1 -5 -2 -2 -3 -1 2 3 -2 1 1 3 -1 1 0 -2 0 
290 0 1 -1 -1 -4 1 0 -2 1 -2 -1 4 -2 1 -1 -1 -2 0 2 -2 
291 -1 -1 -2 -1 -3 0 2 -4 -2 0 -1 2 -2 -3 3 -1 0 -5 -2 0 
292 -5 -4 1 -1 -7 -2 -3 7 -2 -6 -7 -3 -7 -7 -4 -3 -5 -5 -4 -6 
293 -1 1 -1 4 -4 3 2 -2 0 -5 -5 2 -1 -5 -3 -1 -1 -6 -4 -3 
294 -1 0 -2 -2 4 -1 -1 -4 -3 1 0 -2 -1 -2 3 -3 1 1 -1 2 
295 -1 -4 -5 -6 -4 -4 -7 -6 -4 1 2 -4 0 6 -5 -5 -5 -2 6 0 
296 -3 1 5 2 -3 -3 -3 0 -2 -4 -5 -2 -5 -5 -3 3 2 -7 -4 -4 
297 1 1 -1 -2 -3 2 -1 0 3 0 0 0 0 0 0 0 -1 -4 -2 0 
298 2 0 1 2 -6 1 2 1 -4 -4 -4 1 -4 -3 -2 1 1 -2 -4 -2 
299 0 0 0 3 -5 1 1 0 -1 -2 0 2 -1 -4 -4 -1 0 -3 -3 0 
300 -3 -6 -6 -6 -7 -6 -6 -6 -5 4 4 -6 2 -1 -6 -6 -4 3 3 3 
301 -2 1 2 2 -4 3 3 -4 -3 -1 -1 0 -1 -3 -5 -1 1 -3 -3 -2 
302 1 2 1 1 -5 2 2 -2 -2 -4 -3 2 -3 -3 -5 0 -1 -6 -3 -3 
303 2 -1 -2 1 -4 -3 0 -2 -4 1 1 -3 0 0 -5 1 1 -1 -2 -1 
304 1 3 -3 -5 -4 0 1 -4 -4 2 0 3 2 -2 -5 -1 0 -4 -2 1 
305 0 2 2 2 -7 2 2 -2 -2 -5 -4 2 -3 -4 -6 1 0 -5 -3 -4 
306 2 4 1 1 -5 1 1 -2 -3 -3 -2 1 -2 -3 -5 0 0 -2 -2 -3 
307 -2 -6 -5 -7 -4 -5 -5 -4 -7 6 4 -5 1 -1 -6 -5 -4 -3 -3 2 
308 -1 0 1 -2 -6 2 0 -2 -3 -1 0 1 -1 -3 -4 1 4 -6 -2 -1 
309 0 2 3 3 -3 2 1 -2 -2 -3 -3 1 -3 -4 -4 1 0 -2 -2 -3 
310 1 2 -2 -2 -3 0 -1 -3 0 -1 2 0 -1 1 -4 -2 -1 3 3 -1 
311 1 -4 -5 -6 -3 -5 -5 -5 -4 0 4 -5 -1 0 -5 -4 -4 1 7 -1 
312 0 3 -1 -3 -3 2 -1 1 1 1 0 0 0 -2 -4 0 -1 0 0 -1 
313 1 2 4 3 -4 2 2 -3 -1 -6 -6 0 -3 -5 -7 0 -2 -4 -1 -4 
314 0 3 3 0 -5 1 0 -4 2 -4 0 2 0 -2 -7 -1 -1 -4 0 -4 
315 -6 -2 -1 -2 -9 -4 -5 7 -5 -10 -7 -4 -9 -9 -9 -5 -6 -9 -6 -9 
316 -7 -4 -5 -7 -2 -5 -7 -8 2 -2 -2 -6 -5 4 -9 -7 -7 0 9 -5 
317 2 -4 -2 -3 -3 -3 -4 -4 -3 2 0 -4 -1 4 3 -2 -1 -3 2 0 
318 -2 -3 0 3 -2 -3 -3 -5 -2 -3 1 -1 -3 6 -6 -3 2 -3 3 -3 
319 4 -5 -3 -4 -3 -3 -3 -1 -4 -4 -5 -3 -2 2 0 2 0 -1 1 0 
320 -2 4 2 0 -4 3 1 -3 1 -4 -4 2 -3 -3 -5 0 0 -3 0 -3 
321 2 -5 -4 -6 -4 -5 -6 -6 -5 3 -1 -5 0 2 -2 -5 -4 0 0 5 
322 -2 1 3 1 -4 1 1 -2 -2 -1 -2 0 -2 -1 -3 0 1 -2 2 0 
323 0 -2 -2 -1 -4 -2 -3 -2 1 0 0 -3 -1 0 5 1 0 -2 0 1 
324 -1 2 -1 2 -3 3 2 -4 -2 0 -2 0 -2 -3 1 -1 0 -2 -2 1 
325 0 -2 -2 -2 -5 2 1 -2 -2 1 0 -2 -1 -1 3 -1 0 -2 0 1 
326 -1 1 0 2 -1 2 2 -1 -1 -1 -1 1 -1 -2 -2 -1 1 -1 -2 0 
327 0 1 -2 -2 -4 1 -1 -3 -2 2 0 -1 0 0 2 -2 0 -1 -1 3 
328 -1 -1 4 5 -2 -2 -1 -1 0 -1 -3 -1 -1 -2 -2 0 -1 -1 -2 -2 
329 -1 1 -1 1 -4 0 0 -3 2 0 0 -1 -1 0 3 0 0 -1 -1 0 
330 1 0 1 2 -1 0 2 -1 -1 -2 -3 0 -1 -2 -2 1 0 0 -2 -2 
331 0 0 1 1 0 1 1 0 0 -1 -2 0 0 -1 1 0 1 -3 -1 -1 
332 -1 1 2 1 0 0 -1 2 3 -2 -2 1 0 -1 -1 0 -1 -4 0 -2 
333 -1 0 0 0 2 0 0 -1 2 0 -1 0 2 1 0 -1 0 4 1 -1 
334 2 -2 -2 -3 -2 -2 -2 1 -2 2 0 -2 0 -1 -2 -2 -1 -1 -1 4 
335 -1 -1 1 4 -2 0 0 -2 -1 0 -2 0 -2 -1 -2 0 0 0 -1 0 
336 -2 -3 -6 -6 -2 -2 -4 -4 -2 3 4 -3 0 0 -3 -3 -3 2 -1 3 
337 -2 2 1 0 -2 1 1 -2 1 -1 -2 1 -2 -1 -3 -1 3 -4 0 1 
338 -3 -2 -3 -5 -1 -3 -3 -5 -5 3 3 -5 1 4 -3 -3 -2 1 3 2 
339 -1 1 2 1 -1 2 0 -2 2 -1 -2 1 -1 -1 -1 0 0 0 -1 1 
340 -2 -3 -3 -2 -1 -1 -1 -3 -5 3 2 -3 0 0 -2 -3 -2 1 0 4 
341 0 0 1 2 -3 0 1 -1 0 0 -1 1 0 -1 -1 0 0 0 -1 0 
342 -1 0 0 0 1 0 4 -2 2 -1 -2 0 0 -1 2 -1 -1 2 0 -2 
343 0 0 0 0 2 0 0 -1 1 0 -1 0 1 0 0 0 0 -2 1 0 
344 -1 0 0 0 2 0 0 -1 2 0 -1 0 2 1 0 -1 0 4 1 -1 
345 -1 4 -1 0 -2 1 -1 -1 -1 -1 -1 1 -1 -2 1 -1 1 -1 -2 -1 
346 1 -1 -1 -2 0 -2 -2 -2 -1 1 0 -2 0 1 -1 -2 0 1 4 2 
347 -1 2 0 0 -1 0 -1 -2 1 -1 -2 1 -1 0 -1 -1 1 1 4 -1 
348 -3 -3 -2 -3 -1 -2 -4 -2 -2 4 1 -3 0 3 -3 -3 -3 0 0 4 
349 -1 3 1 1 -1 1 1 3 0 -2 -4 -1 -6 -2 -6 -1 -1 -6 -2 -3 
350 -1 2 1 1 0 1 2 -1 3 -2 -3 1 -1 0 0 0 -1 1 -1 -3 
351 -3 -2 -2 -3 0 -2 -3 -4 -1 5 0 -3 0 0 -2 -3 -1 1 -1 4 
352 -1 0 0 0 2 0 0 -1 2 0 -1 0 2 1 0 -1 0 4 1 -1 
353 -1 0 0 0 2 0 0 -1 2 0 -1 0 2 1 0 -1 0 4 1 -1 
354 -1 0 0 0 2 0 0 -1 2 0 -1 0 2 1 0 -1 0 4 1 -1 
355 -1 -2 1 1 0 -1 -1 5 0 -2 -2 -2 -1 -2 0 -1 -1 -5 -1 -3 
356 -1 0 3 1 0 1 1 0 1 -2 -1 0 0 -1 -1 0 0 -4 -1 -2 
357 -1 1 1 1 1 1 0 -1 2 -1 -2 1 0 -1 0 1 1 2 1 -1 
358 -1 0 0 0 2 0 0 -1 2 0 -1 0 2 1 0 -1 0 4 1 -1 
359 -1 -1 -1 -1 -4 -1 -1 -2 1 1 0 -1 1 1 0 -1 3 2 1 0 
360 -1 0 0 0 2 0 0 -1 2 0 -1 0 2 1 0 -1 0 4 1 -1 
361 -1 1 -1 4 -1 0 2 -2 1 -3 -3 0 -1 -2 2 -1 -1 0 0 -3 
362 0 1 0 1 0 0 0 0 1 -1 -1 0 0 0 -1 0 -1 2 0 -1 
363 -1 0 0 0 2 0 0 -1 2 0 -1 0 2 1 0 -1 0 4 1 -1 
364 -2 -2 -3 -4 -2 -3 -4 -4 -2 4 3 -3 0 1 -3 -4 -2 1 -2 3 
365 0 3 0 0 -1 2 1 -3 1 -1 -1 1 1 -1 -3 -1 0 1 0 -2 
366 -1 4 2 0 -1 0 -1 -2 1 -2 -4 0 1 -1 -2 1 -1 1 -1 -2 
367 -1 0 0 -1 1 0 2 -2 0 1 1 -1 2 1 -1 -2 -1 3 2 0 
368 -1 0 0 0 2 0 0 -1 2 0 -1 0 2 1 0 -1 0 4 1 -1 
369 0 3 0 0 -3 0 0 0 0 -4 -2 1 -2 -1 3 0 -1 -2 -1 -3 
370 -2 -3 -1 -2 -3 2 -1 -2 -1 2 3 -3 0 3 -2 -3 0 0 0 0 
371 0 2 -1 -1 -3 1 0 -2 1 -2 0 3 2 0 -1 -1 -1 -2 -1 -1 
372 -1 -1 -2 -2 -3 0 4 -3 -2 -2 -2 1 -3 -1 4 0 0 -3 -4 -2 
373 -3 -3 0 -1 -3 -2 -2 6 -1 -5 -5 -2 -4 -5 -3 -1 -4 -3 -5 -5 
374 1 0 -1 4 -2 2 2 1 -1 -3 -4 1 -2 -5 -3 0 -1 -3 -3 -3 
375 -1 -1 -3 -3 -3 -2 -3 -2 -3 1 1 -1 0 -2 4 -2 -1 5 1 1 
376 -2 -5 -3 -4 -3 -3 -5 -2 -3 1 2 -5 -2 5 -2 -4 -4 -1 7 -1 
377 -3 1 5 3 -1 0 -2 -2 -1 -5 -3 -1 -3 -3 -4 3 1 -8 -3 -5 
378 0 1 -1 -1 -5 2 0 0 -2 0 0 0 0 -1 1 1 1 -1 0 -1 
379 0 1 1 2 -2 1 2 0 -1 -2 -3 1 -2 -2 -1 1 0 -1 -1 -3 
380 0 2 1 2 -2 1 1 -3 -1 -2 0 2 -1 -1 -3 -1 0 -1 -1 -2 
381 -1 -2 -3 -4 -1 -2 -3 -3 0 4 3 -3 1 0 -3 -3 -2 0 -1 2 
382 -1 1 1 2 -7 2 3 -1 -1 -2 -1 0 0 -2 -3 -1 -1 0 -2 -2 
383 -1 3 0 1 1 2 1 -2 1 -1 -2 1 0 -1 -2 -1 0 3 0 -2 
384 -1 0 0 0 2 0 0 -1 2 0 -1 0 2 1 0 -1 0 4 1 -1 
385 -1 0 0 0 2 0 0 -1 2 0 -1 0 2 1 0 -1 0 4 1 -1 
386 -1 1 2 1 -3 1 1 0 0 -1 0 0 0 -1 -1 0 0 2 -1 -1 
387 -1 3 3 0 0 1 -1 -2 0 -2 0 0 0 -1 0 0 -1 1 0 -2 
388 0 -2 1 0 -2 -1 -2 -2 -2 0 0 0 2 1 -2 0 0 4 2 0 
389 -1 1 2 -1 0 2 0 -1 0 -2 -1 0 0 0 -4 2 -1 1 1 -2 
390 1 3 2 1 0 1 0 0 0 -1 -1 0 0 -1 -4 1 -1 -4 -1 -2 
391 -1 0 0 0 2 0 0 -1 2 0 -1 0 2 1 0 -1 0 4 1 -1 
392 -2 -1 3 0 -2 -1 -2 4 -1 -4 -5 -2 -2 -2 4 0 -3 -1 -2 -4 
393 -1 -2 -1 -1 -1 -1 -2 0 1 1 1 -1 0 2 -2 0 -1 2 4 -1 
394 -1 -2 -1 -2 1 -1 -2 -2 1 1 -1 -2 1 6 -2 -1 -1 2 1 0 
395 1 1 1 1 1 1 1 -2 1 -1 -2 1 0 -1 -1 0 -1 2 0 -1 
396 0 -1 1 2 -5 1 0 0 1 -1 -2 0 0 0 0 1 1 1 0 -2 
397 1 -1 -2 -2 0 -2 -1 -3 0 2 -2 -1 0 -2 -1 -2 -1 1 -1 4 
398 0 0 2 1 0 1 1 -2 0 -2 -3 2 0 -2 -2 0 0 1 -1 -1 
399 -1 0 0 0 2 0 0 -1 2 0 -1 0 2 1 0 -1 0 4 1 -1 
400 -1 2 1 1 -2 2 2 -2 0 -2 -2 1 -2 -2 -3 0 1 -2 0 -1 
401 0 -2 -2 -1 -3 -1 -1 -3 -2 2 2 -3 0 2 2 -1 1 -2 1 0 
402 0 0 -1 2 -3 1 1 -2 -1 -1 0 0 -2 -2 2 0 0 -3 -3 0 
403 -1 1 0 1 -2 1 2 -2 -1 0 -2 0 -2 -1 4 -1 -1 -3 -3 -1 
404 0 0 -1 0 -3 0 -1 -1 -2 0 0 0 -1 -1 3 -1 0 -2 -2 1 
405 0 -2 -1 2 -1 0 -1 3 -2 -2 -2 -1 -1 -3 4 -1 -1 -4 -3 -2 
406 0 -1 1 2 -3 1 1 1 -1 -2 -3 0 -1 -2 -1 2 1 -5 -3 -2 
407 0 0 1 1 -2 1 1 1 -1 -2 -2 0 -2 -2 -1 1 2 -5 -3 -1 
408 -1 -1 1 3 -1 0 1 -1 -2 -4 -4 -1 -3 -3 4 0 0 -3 -1 -2 
409 -3 -2 2 4 -3 0 1 5 -1 -5 -4 -1 -3 -5 -3 -1 -1 -3 -3 -5 
410 0 0 -1 0 -3 3 2 1 -1 -2 -2 1 -1 -3 -3 0 2 -1 1 -2 
411 -2 -3 -2 -3 -3 -3 -3 -4 -3 1 2 -4 0 -1 -5 2 1 -2 0 3 
412 -2 0 1 5 -3 -2 -1 -2 -1 2 -4 -2 -3 -3 2 -1 0 -8 -3 0 
413 -2 -5 -6 -6 -1 -4 -5 -4 -4 4 4 -6 2 -1 -5 -5 -3 -3 -3 4 
414 -2 0 3 1 -3 0 1 -4 1 1 -1 0 -1 -2 -4 -1 1 -3 0 2 
415 -1 -4 -4 -8 -2 -7 -5 -3 -7 5 2 -7 0 2 -4 -5 -3 0 2 4 
416 -2 1 2 2 -2 1 1 -3 0 -1 -2 1 -2 0 -3 1 2 -1 0 -1 
417 0 -2 -1 -5 0 -3 -5 -3 -3 1 3 -5 0 -1 -3 -4 -1 1 -2 5 
418 -1 1 0 0 -6 2 2 -2 -1 -1 -3 2 -2 -4 -3 1 2 -2 -1 0 
419 -2 -1 -1 1 -8 1 5 -3 1 -3 -3 -1 0 -1 3 -2 0 1 -1 -3 
420 0 3 0 -1 1 1 -1 -1 1 -2 -2 2 0 -1 -1 -1 -1 3 0 -1 
421 0 1 1 1 1 0 -1 -2 1 -2 -2 2 0 0 2 0 -1 2 0 -2 
422 -1 2 0 -2 0 -1 -1 -3 1 -2 -2 1 0 -1 3 0 2 2 1 -2 
423 -2 0 2 -1 -1 0 -3 3 1 -1 -2 -1 -1 1 -2 -1 -2 5 0 -2 
424 -1 1 1 0 -2 1 -1 -1 1 -1 -2 0 -1 -1 -1 2 1 1 1 -2 
425 0 -3 -2 -3 -1 -5 -4 -2 -5 3 3 -3 1 3 -3 -2 -2 0 0 2 
426 -1 1 1 0 -4 2 1 1 -1 -2 -2 0 0 -2 -2 2 1 0 -1 -1 
427 1 -5 -3 -3 -1 -3 -3 0 -5 1 2 -4 0 3 -1 -1 1 -4 -1 2 
428 -1 -2 1 0 -5 0 0 4 -2 -3 -3 -2 0 -1 -2 2 -1 0 -2 -2 
429 1 -2 0 -2 -1 -2 -2 1 -2 2 1 -3 1 1 -2 -1 0 -4 -1 2 
430 -3 0 3 3 -7 -1 0 4 0 -5 -4 -2 -3 -1 -5 0 -1 0 -2 -4 
431 -2 -3 3 -1 -4 -3 -5 0 -1 -1 -1 -4 0 4 -6 -2 -1 4 6 -1 
432 0 -2 1 1 -4 -3 -1 2 -2 -4 -4 -1 -2 -2 -5 4 1 -3 1 -3 
433 -2 1 2 0 -6 2 -2 2 -1 -3 -5 -1 -4 -3 -2 3 3 -3 -2 -4 
434 -1 -1 2 3 -5 0 0 0 -2 -2 -1 -1 -3 -2 0 2 1 -2 1 -1 
435 -1 -1 -1 1 -4 -1 1 3 -1 -2 -2 -2 -2 -1 -1 1 2 -2 -1 -1 
436 -2 2 -1 -1 -4 0 -1 5 -3 -4 -5 0 -3 -4 -3 1 -1 -3 -3 -4 
437 -1 -1 0 -1 0 0 -1 -2 0 0 1 -2 1 2 1 -1 0 4 2 1 
438 -2 3 1 -1 1 2 -1 -1 1 -1 -2 -1 1 0 0 1 -1 2 -1 -2 
439 0 -1 -1 -1 1 -1 -2 2 0 0 1 -2 1 1 -1 -1 0 2 2 0 
440 -1 1 1 -1 -3 1 0 2 -2 -1 -1 0 -1 -1 -3 2 1 -5 0 -2 
441 2 -5 -3 -5 -3 -4 -4 1 -3 2 3 -5 0 1 -4 -2 -1 -2 -3 2 
442 0 -1 3 0 -3 0 -1 2 -2 -3 -4 -2 -2 -2 -5 3 1 -3 -2 -3 
443 -1 -4 -5 -6 -3 -4 -5 -2 0 2 3 -5 -1 3 -5 -4 -3 6 4 2 
444 -1 2 1 -1 -5 1 0 -1 -1 -2 -2 1 -1 -2 -5 2 3 -2 -1 -2 
445 -1 0 1 0 -2 1 1 -3 3 0 1 0 0 2 -4 -2 -2 3 1 -1 
446 -2 4 4 2 -4 -1 -2 -2 0 -4 -4 0 -3 -3 3 -2 0 -3 1 -4 
447 -4 -1 8 0 -8 -3 -5 -3 0 -5 -3 -4 -4 -3 -5 0 -4 5 -1 -5 
448 -1 -3 -3 -5 -3 -3 -6 -5 -6 2 3 -4 0 4 2 -4 -3 1 -2 2 
449 -2 -1 2 -4 -3 -3 -5 -1 -3 -2 3 -3 0 5 -3 -2 1 2 -2 -3 
450 -2 2 -1 0 -4 -1 -3 6 0 -5 -4 -1 -4 -3 -2 -1 -3 -2 -4 -5 
451 -2 3 0 -1 -2 0 -2 1 0 -1 1 0 0 -1 -2 0 1 1 1 -2 
452 2 -2 3 -1 -3 -3 -3 5 -3 -5 -5 -3 -4 -4 0 -1 -4 -3 -3 -5 
453 -3 -2 0 4 -7 2 3 -2 4 -2 -2 -2 -3 -3 -6 -1 -3 2 0 -3 
454 -1 2 0 -2 -3 2 1 -3 -1 -1 -1 1 -1 -2 -3 3 1 -1 -1 -1 
455 0 -5 -5 -5 -4 -4 -5 -3 -4 1 4 -6 0 4 -5 -4 -2 4 -1 1 
456 -1 2 2 0 -6 -1 0 1 -2 -2 -3 -1 -1 -2 -5 3 1 -2 1 -3 
457 1 -5 -2 -7 -4 -6 -6 -2 -4 2 3 -5 -1 3 -5 -1 0 -1 -1 2 
458 -1 0 3 2 -4 0 1 0 -2 -4 -4 -1 -3 -2 -4 3 1 -2 -1 -3 
459 2 -4 -5 -4 -4 -5 -5 1 -4 1 2 -5 -1 2 -5 -2 -1 2 3 2 
460 -2 2 1 -1 -4 2 1 0 -2 -1 -2 0 -1 0 -5 2 1 -3 1 -2 
461 0 1 0 -3 -3 -2 -4 0 1 1 1 -1 -1 1 -4 -1 1 0 2 1 
462 0 -3 1 1 -5 -3 -3 4 -5 -5 -7 -4 -5 -6 -4 4 1 -4 -5 -5 
463 -1 0 1 2 -3 2 1 -1 -1 -2 -1 1 -2 0 0 0 0 -1 1 -2 
464 -2 1 1 2 -5 1 1 1 -1 -1 -2 1 -4 -2 0 -1 -1 -1 2 -3 
465 -1 2 1 1 -6 2 2 0 -1 -3 -2 -1 -1 -1 -4 2 2 0 0 -3 
466 -3 2 1 0 -6 5 -2 -4 1 -2 -1 2 -3 -2 -1 1 1 -1 0 -3 
467 0 1 3 -1 -5 0 -1 2 -3 -3 -1 -1 -1 -1 -5 2 1 -4 2 -2 
468 1 -6 -5 -7 -5 -4 -6 0 -1 1 2 -7 -3 4 -7 -5 -3 1 5 2 
469 -1 1 2 2 -7 1 1 1 -3 -4 -3 -1 -2 -3 -6 3 1 -2 -1 -3 
470 3 -6 -6 -7 -5 -6 -6 0 -6 2 3 -5 -1 3 -6 -2 0 -5 -4 2 
471 -1 -1 2 1 -4 -1 1 1 0 -5 -5 -2 -4 -3 -6 4 1 -1 -1 -4 
472 -4 -10 -8 -9 -6 -5 -8 -7 -2 -1 2 -10 -2 5 -8 -7 -5 3 8 0 
473 -1 1 1 -1 -8 0 -1 -5 -2 -1 -3 0 -3 -1 -7 3 4 -4 2 -1 
474 -2 0 0 2 -6 1 0 -5 0 3 0 0 1 2 -6 -2 -1 -1 -2 1 
475 -6 -3 -3 -4 -7 -3 -6 -6 -3 -7 -6 -3 -7 -5 8 -5 -5 -6 -4 -6 
476 -3 3 -1 -4 -6 -3 -6 -4 -1 1 2 -2 -2 2 -1 -3 -5 6 5 0 
477 -2 -3 1 0 -4 -3 -3 2 -3 1 1 -2 0 4 -1 -3 -2 1 -1 -1 
478 -1 0 1 0 -4 -2 -2 0 0 -1 1 -1 -1 2 0 -1 1 2 3 -2 
479 -1 -1 1 2 -3 -1 -1 2 -1 0 -1 -1 0 0 2 0 0 1 -2 -1 
480 -2 2 1 2 -3 0 -1 -2 -1 -2 0 0 -2 0 3 0 1 -2 0 -3 
481 -2 2 2 1 -4 -1 -1 4 0 -4 -3 0 -3 -1 2 -1 -1 -2 0 -4 
482 -2 -1 -1 0 -5 0 -3 -3 0 1 1 -3 -1 1 -4 -3 1 7 2 1 
483 -1 2 0 -1 -5 0 -2 -2 -2 -3 -2 0 -2 0 -4 3 3 0 2 -3 
484 0 -1 -3 -4 -6 -5 -5 -2 -4 1 3 -5 -1 4 -5 -3 -2 2 2 1 
485 0 1 0 -1 -7 -1 -1 3 -3 -3 -2 0 -3 -2 -6 3 2 -5 -3 -2 
486 1 -4 -3 -6 -5 -5 -5 -1 -4 2 3 -5 -1 4 -2 -3 0 1 2 2 
487 -1 1 3 1 -3 1 0 2 -2 -4 -4 -1 -2 -3 -4 3 -1 -4 0 -4 
488 2 -2 -3 -5 -1 -3 -4 1 -2 2 2 -1 -2 2 -4 -2 -2 -3 2 2 
489 -1 1 1 -2 -8 0 -2 1 -3 -2 -2 -3 -2 4 -6 2 -1 -3 4 -3 
490 0 1 1 -2 -5 -2 -5 -2 1 0 1 -1 -1 2 -3 -2 -3 0 6 -1 
491 -1 2 2 -1 -6 2 0 -3 -3 -3 -2 1 -3 -3 -3 3 1 -4 0 -2 
492 -2 4 1 1 -7 1 0 -4 2 -3 -4 1 -3 -3 -4 0 1 4 1 -2 
493 -2 0 1 -1 -5 1 1 -2 -2 -2 -2 -1 0 0 0 2 2 -2 3 -2 
494 -3 1 3 5 -4 0 2 -4 0 -2 -3 0 -4 -1 -3 -1 0 -4 -2 -2 
495 -1 -1 0 -2 -3 -1 -3 -3 -2 1 0 -2 -2 1 1 0 0 1 5 0 
496 -1 1 2 1 -3 0 0 0 1 -1 -1 0 -2 1 -1 1 0 -3 0 -1 
497 -1 -1 0 1 -3 2 0 -2 -2 0 0 -1 -1 -1 -2 1 1 -2 0 1 
498 0 -1 0 1 -2 0 0 0 -1 0 0 -1 -1 1 0 0 0 0 3 -1 
499 -1 -1 3 2 -3 0 0 1 -1 -2 -2 -1 -2 -2 1 1 0 -2 -1 -1 
500 -1 -1 1 0 -3 0 -1 -1 -1 1 1 -2 -1 2 -1 -1 0 3 2 0 
501 -1 1 2 1 -2 1 1 0 -1 -2 -2 0 -1 -1 0 1 0 -1 -1 -1 
502 0 0 0 1 -2 0 0 0 -1 0 0 -1 -1 0 0 0 0 -1 1 0 
503 0 -1 0 1 -3 1 -1 -1 -2 0 1 -2 -1 1 1 1 -1 -1 1 -2 
504 -1 0 2 3 -5 0 0 1 0 -3 -2 -1 -4 -1 -1 2 1 -3 1 -3 
505 -3 -4 -4 -6 -5 -3 -5 -3 1 1 0 -4 -3 4 -4 -3 0 -1 7 -1 
506 -3 2 2 3 -8 1 1 -3 0 -2 -4 2 -2 -4 -5 1 2 0 -2 -3 
507 -2 1 -1 -4 -6 0 0 2 -2 0 0 -1 0 0 -6 1 1 -4 1 0 
508 -3 2 2 2 -5 2 1 -3 1 -2 -2 2 -3 -3 -7 0 2 -2 -2 -2 
509 0 2 2 -1 -6 0 -1 -2 -2 -1 -2 -1 -2 -4 -6 4 2 -3 -2 -1 
510 -1 0 -2 -2 -5 1 -1 -3 1 1 0 0 -1 2 -5 -1 1 3 3 0 
511 -2 1 2 -3 -7 0 -3 4 -4 -2 -2 -2 -3 -3 -6 1 2 -5 -1 -2 
512 2 -5 -2 -4 -4 -4 -5 2 0 0 2 -5 -1 3 -5 -2 0 -1 1 1 
513 0 1 1 0 -5 0 1 3 -3 -3 -4 -1 -5 -5 -6 3 1 -2 -3 -3 
514 2 -6 -5 -6 -5 -5 -6 -2 -5 2 3 -6 0 3 -3 -3 -2 2 -2 3 
515 0 2 1 0 -5 0 -1 3 -2 -2 -3 0 -3 -1 -3 2 2 -2 0 -3 
516 -1 0 -5 -7 -5 -5 -6 -3 -3 2 3 -6 -1 4 -4 -4 -3 2 4 1 
517 -1 1 1 -1 -5 1 0 3 -1 -3 -3 -2 -4 -3 -5 3 1 -4 -1 -4 
518 -4 4 -3 -3 -6 1 -3 -5 3 -2 -2 0 -3 3 -6 -4 -2 7 5 -2 
519 -3 2 1 -2 -5 1 -2 -3 -1 -1 -1 -1 -1 -3 5 -1 -1 -5 -2 1 
520 -3 -2 -1 -3 -4 -4 -4 -5 -2 3 4 -4 -1 3 -1 -3 -1 4 -1 1 
521 -2 0 2 0 -5 -1 -2 1 1 0 -1 0 -2 0 -2 2 2 1 1 -2 
522 -3 5 1 1 -6 0 2 -1 -1 -4 -3 0 -5 -3 1 0 -2 -4 -3 -4 
523 -2 0 4 2 -3 0 -1 1 0 -4 -3 0 -4 -1 -4 1 1 2 3 -4 
524 -1 -1 2 0 -5 1 -2 0 1 -2 0 -2 -2 2 -5 0 1 7 0 -2 
525 -2 3 2 -1 -5 2 0 -3 0 -2 -2 0 -2 -2 -5 2 2 -2 0 -2 
526 -1 0 -2 -5 -4 -2 -5 -2 4 1 3 -4 -1 3 -6 -3 0 0 0 1 
527 0 1 2 -1 -6 0 0 0 -3 -3 -4 -1 -3 -1 -6 3 3 -5 1 -3 
528 1 -7 -5 -9 -8 -6 -8 -1 1 2 3 -8 -1 4 -6 -4 -1 2 2 2 
529 -2 1 1 -1 -5 -1 -2 5 -3 -4 -7 -1 -5 -2 -9 2 1 -2 -1 -5 
530 0 -3 -8 -8 -6 -4 -8 -1 -5 2 4 -8 -1 2 -5 -5 -2 0 4 2 
531 -1 2 2 0 -8 1 1 2 -3 -4 -5 0 -4 -4 -6 2 2 -3 -2 -2 
532 -1 -1 -3 -6 -6 -3 -6 -2 1 1 2 -4 -2 3 -6 -4 -3 4 6 0 
533 -1 1 0 1 -5 2 2 -3 -3 -1 -1 0 -3 -1 -6 1 1 -1 -1 0 
534 -3 4 1 0 -6 1 -2 -4 4 -2 -2 0 -3 0 -7 -1 -1 4 4 -3 
535 -2 3 2 1 -6 -1 1 0 -1 -1 -1 1 0 -2 -4 1 1 -5 1 -1 
536 -3 2 2 2 -6 2 1 -3 2 -3 -4 2 -3 -3 -4 1 0 -2 -2 -4 
537 -2 -3 0 -3 -3 -3 -3 -4 -2 3 2 -4 -1 2 -3 0 0 0 3 1 
538 -2 1 2 3 -3 0 1 -1 1 -2 -2 1 -3 0 -3 0 2 -4 0 -1 
539 -1 -1 0 1 -1 0 -1 -2 -1 1 1 -2 1 0 -1 0 2 -2 0 1 
540 0 0 1 2 -3 0 1 1 -1 -2 -2 -1 -2 -1 -1 1 1 -2 -1 -2 
541 -1 0 2 2 -2 -1 0 0 -2 -1 -1 0 -2 -2 2 0 0 0 -1 -1 
542 0 0 1 1 -1 0 0 1 0 0 0 0 0 0 0 0 0 0 0 0 
543 0 0 0 1 -2 0 0 -1 -1 1 0 -1 -1 0 -2 0 0 1 2 0 
544 1 -1 0 0 -1 -1 -1 -1 -1 -1 -1 -1 -1 -1 3 1 0 -1 -1 -1 
545 0 -1 1 2 -2 1 0 -1 -1 0 -1 -1 -1 0 0 1 0 -2 0 0 
546 1 1 1 1 -2 1 1 0 -1 -1 -1 0 -2 -2 0 1 1 -2 -1 -1 
547 -1 -1 0 -2 -2 -1 -1 -1 -2 1 1 -2 0 4 -1 -1 -1 0 3 0 
548 0 0 1 0 -1 0 0 0 -1 0 0 0 0 0 0 0 0 1 0 0 
549 -1 1 2 2 -2 1 0 0 0 -1 -1 0 -1 -2 0 0 0 -2 -1 -2 
550 0 -1 -2 -3 -3 -2 -2 -1 -2 0 -1 -2 -2 4 -1 -1 -1 2 5 0 
551 -1 -1 -3 -2 -2 -1 -3 -3 -3 3 3 -2 -1 1 -2 -2 -1 -2 0 1 
552 0 1 3 3 -4 1 1 -1 -1 -2 -2 -1 -2 -2 0 0 0 -4 -1 -2 
553 0 -1 1 3 -2 3 1 -1 -1 -1 -2 -1 -2 -3 -2 2 -1 -4 -3 -1 
554 0 -1 1 1 -1 0 0 -1 0 0 0 -1 0 2 -2 0 1 -2 2 -1 
555 -1 0 0 1 -6 -1 1 5 -2 -4 -2 -1 -4 -4 -3 0 -2 -6 -3 -3 
556 -1 1 1 2 -1 1 0 -2 1 0 -1 0 -2 -1 0 0 0 -2 -2 0 
557 0 0 1 1 -1 1 0 0 -1 -1 -1 0 -1 -1 1 1 1 -1 -1 -1 
558 0 0 0 0 0 0 0 0 0 0 0 0 0 0 1 0 0 0 0 0 
559 0 0 0 0 -1 0 0 0 0 0 0 0 0 0 0 0 0 0 0 0 
560 0 0 0 0 -1 1 0 0 0 0 0 0 0 0 0 0 0 0 0 0 
561 0 1 0 0 -1 0 0 0 0 0 0 0 0 -1 0 0 0 0 0 0 
562 0 1 0 0 -1 0 0 1 0 -1 0 0 0 0 0 0 0 0 0 0 
563 -1 1 2 2 -2 0 0 -2 -1 -1 -1 1 -2 -2 0 2 2 -1 -1 -1 
564 -1 2 0 -1 -2 0 -3 -2 -2 -1 -2 -1 -3 4 -3 2 2 1 3 -2 
565 0 0 1 0 -1 0 0 0 0 0 0 0 0 0 0 0 0 0 0 0 
566 0 0 0 0 -1 0 0 0 0 0 0 0 0 0 0 0 0 0 0 0 
567 -3 2 3 1 -5 0 -2 -4 2 -1 1 0 0 1 -3 0 2 0 -1 -2 
568 0 -3 1 -1 -7 -2 -3 -3 -5 2 2 1 0 0 -5 -1 2 -5 0 1 
569 0 0 -1 -5 -5 -3 -5 -2 -2 1 2 -4 -1 3 -1 3 0 2 0 0 
570 1 0 0 -3 -5 -2 -3 1 -3 -1 -1 -1 0 -1 -3 3 1 -5 2 0 
571 1 -7 -8 -8 -6 -7 -8 -3 -3 2 3 -8 1 3 2 -3 -2 4 1 2 
572 -3 1 1 -4 -6 1 1 2 -3 -3 -4 0 -3 0 -1 2 2 -2 0 -4 
573 2 -8 -4 -8 -6 0 -8 -1 1 1 2 -7 -1 3 -3 -4 -1 0 4 1 
574 -1 0 1 -1 -7 1 0 3 -4 -4 -6 -3 -2 -4 -8 3 3 -6 -3 -4 
575 -1 -8 -8 -9 -7 -5 -10 -3 -3 2 3 -8 -1 3 -9 -6 -5 7 4 1 
576 -1 0 2 -1 -8 0 -2 -1 -1 -1 -3 -1 -3 -4 -8 3 4 -5 -3 0 
577 -6 4 -4 -4 -7 -1 -5 -2 5 -1 -1 -1 -3 2 -10 -4 -5 3 7 -3 
578 -4 2 4 6 -8 -2 -2 -4 -4 -4 -3 -3 -4 -5 -7 1 1 -10 -4 -3 
579 -2 3 3 0 -7 1 -2 -2 2 -6 -4 -1 -4 -2 -7 2 4 0 -2 -4 
580 -1 5 -2 -4 -7 0 -3 -3 -4 0 2 -1 -2 -1 -2 0 1 -3 -1 0 
581 -4 1 4 6 -8 -2 -2 -1 -4 -4 -5 -1 -4 -4 -4 -2 -2 -2 -4 -5 
582 -1 1 5 3 -6 0 -3 1 0 -4 -4 -1 -5 -1 -3 2 -1 -3 -2 -4 
583 0 1 -1 -2 -5 -1 -3 1 -2 0 0 0 -1 0 3 0 0 0 1 1 
584 -2 -1 0 -3 -6 -2 -3 -3 -2 2 3 -3 0 3 -3 -2 -1 2 3 1 
585 -1 -1 3 2 -6 -2 -3 -1 -3 -2 0 -3 1 5 -6 -1 -2 1 2 -2 
586 0 -5 -5 -3 -7 -4 -1 -4 -4 -3 -2 -5 -3 -1 7 -2 -1 0 1 -2 
587 -3 3 0 -2 -7 0 -3 -4 1 -3 -3 0 -1 -4 -4 2 5 -4 -3 -3 
588 1 4 0 -1 -7 1 0 -1 0 -3 -3 2 -3 -3 -4 2 -1 3 -3 -3 
589 -2 -6 -4 -7 -9 -1 -7 7 -5 -6 -6 -6 -7 -4 -9 -2 -3 -7 -5 -5 
590 -2 -2 2 0 -6 -3 -4 -3 1 0 0 -4 1 3 -7 1 1 4 4 0 
591 -2 3 0 -1 -5 0 -2 -2 0 -1 1 0 -1 1 -3 1 -1 -3 3 -1 
592 1 -3 -2 -4 -3 2 -4 -2 0 1 3 -4 -1 4 -6 -2 -1 4 -2 0 
593 -1 2 2 0 -6 1 0 1 -1 -2 -3 0 -2 -1 -5 3 0 -3 -1 -3 
594 1 -6 -4 -5 -4 -4 -6 0 -4 2 3 -7 0 3 -5 -2 -1 -3 1 1 
595 -1 -1 2 1 -5 0 0 2 -3 -2 -2 -2 -3 -1 -4 3 1 -3 -2 -2 
596 2 -4 -1 -3 -5 0 -3 0 -3 1 1 -5 0 1 -3 0 0 2 2 2 
597 -1 0 -1 2 -7 1 4 -1 -1 -4 -1 1 -1 0 -5 0 0 -5 -2 -5 
598 0 -2 -2 -1 -5 1 -3 0 -1 1 1 -3 0 2 0 -2 -2 2 3 1 
599 4 -2 -2 -3 -4 -4 -5 2 -4 -3 -4 -2 -4 0 -4 2 2 -4 1 -3 
600 -2 0 1 0 -6 -2 -3 3 0 0 0 -1 -2 -1 1 0 1 -4 -1 0 
601 -1 -2 -1 0 -6 -2 -1 -1 -3 -1 2 -2 -2 1 4 -1 -1 1 -1 0 
602 -2 -2 1 1 -7 -2 -1 5 -3 -2 0 -1 -2 -1 -2 -1 -2 0 0 -2 
603 0 -3 0 -1 -7 -2 -1 3 -3 -4 -5 -2 -5 -4 2 4 0 -6 -3 -4 
604 -3 -1 1 5 -6 -1 -1 -2 -1 -5 -4 -1 -5 1 -4 0 1 2 2 -5 
605 2 -2 0 -1 -4 -1 -2 0 -4 0 0 -2 -2 0 -1 1 0 -3 -1 1 
606 -2 3 2 2 -6 4 1 -2 1 -4 -3 0 -5 -1 0 1 -1 -5 -4 -5 
607 -4 -7 -4 -9 -10 -4 -8 -5 -4 -4 -2 -9 0 8 -5 -3 -5 -3 7 -3 
608 0 0 0 -4 -6 -1 -5 -3 1 1 1 -2 -2 2 -5 0 1 2 3 2 
609 -3 4 -4 -6 -8 1 -3 -7 -2 1 -3 6 -1 -6 -7 -1 -3 -8 -1 -2 
610 1 -8 -4 -9 -6 -4 -6 -1 -1 2 2 -8 0 3 -5 -1 1 6 2 1 
611 -3 1 2 1 -5 2 2 -3 -2 -3 -2 1 -2 -4 -8 1 3 -2 0 -2 
612 3 -8 -5 -8 -5 -8 -7 2 -4 0 2 -8 -2 3 -6 -3 -1 -3 1 1 
613 -3 1 2 4 -9 3 2 -2 -1 -5 -4 1 -3 -4 -8 2 0 -4 -3 -6 
614 3 -6 -2 -6 -4 -4 -7 1 -1 0 1 -7 -1 3 -8 -1 -1 2 2 1 
615 0 3 0 -1 -6 4 0 -2 -3 -2 -4 1 -1 -4 -7 3 1 -6 -5 -1 
616 -1 2 -3 -7 -5 1 -5 0 3 -2 -1 1 -2 1 -8 -3 -1 7 5 -2 
617 0 -4 1 -4 -5 -1 -4 -4 1 1 -1 -6 -3 3 -6 -1 -1 0 7 0 
618 -4 2 -3 -5 -6 3 -5 -6 2 2 0 1 -1 3 -7 -5 0 5 3 0 
619 -1 1 0 -2 -8 0 -3 -2 -1 -6 -4 0 -4 -5 6 1 1 -5 -3 -5 
620 -4 -8 -8 -7 -8 -9 -10 -7 -4 3 5 -8 -1 5 -3 -7 -5 1 -1 1 
621 0 -2 1 1 -6 -1 -2 3 -2 -3 -2 -1 -1 1 0 1 1 1 -1 -3 
622 -2 2 2 3 -6 1 2 0 -1 -7 -5 2 -5 -4 1 0 -3 -1 -2 -7 
623 -2 3 3 2 -5 0 -1 1 1 -4 -4 3 -3 -3 0 0 -2 -2 -3 -4 
624 -2 -3 1 -2 -5 0 -5 -3 5 0 2 -4 0 4 -3 -1 0 6 0 -1 
625 -1 3 -2 -5 -6 1 -5 -3 -2 1 -2 -4 -3 -2 -7 2 3 -1 -2 3 
626 -2 -8 -8 -11 -6 -8 -10 -2 -4 1 5 -10 -1 5 -11 -7 -4 4 2 0 
627 3 1 0 -3 -6 0 -4 -2 0 0 1 -2 1 -1 -6 1 -1 -4 1 2 
628 2 -7 -2 -9 -6 -7 -8 1 -4 0 3 -7 0 3 -2 0 2 -1 0 1 
629 -2 6 1 -5 -4 1 -3 -1 4 -5 -4 1 -4 -6 -10 2 0 -10 -3 -6 
630 3 -9 -4 -8 -6 -6 -8 3 -6 1 2 -9 -1 2 -6 -2 0 1 -2 2 
631 -1 3 1 1 -7 3 2 -1 1 -5 -5 0 -1 0 -7 1 -1 -1 1 -4 
632 3 -5 -6 -9 -4 -5 -8 4 -5 0 2 -8 0 2 -7 -3 -2 -1 1 1 
633 -2 -3 -5 -4 -9 5 -7 6 -6 -9 -9 -6 -9 -8 -10 -3 -5 -8 -4 -9 
634 0 -2 -4 -7 -5 -3 -7 -1 0 1 1 -3 0 2 -8 -2 0 6 6 0 
635 2 -6 -1 -6 -2 -4 -5 1 -6 3 1 -5 0 -5 -7 2 2 -7 -6 1 
636 -1 -2 1 0 -3 -1 -1 0 0 1 0 -1 -1 2 -1 0 -1 3 2 0 
637 0 -2 0 -1 -3 -1 -2 3 -1 -3 -3 -2 -2 -3 3 1 1 -2 -2 -2 
638 -1 -1 1 0 -2 -2 -1 -1 -2 0 1 -1 -1 1 -1 -1 -1 1 5 -1 
639 -1 -1 2 1 -2 -1 0 4 -1 -2 -2 -1 -2 -2 -1 1 -1 -2 -2 -2 
640 -2 0 4 2 -4 -1 -1 2 -1 -2 -2 1 -3 -1 1 0 -1 -3 -1 -3 
641 0 0 0 0 -1 0 0 0 0 0 0 0 0 1 0 1 0 -1 0 -1 
642 -1 1 2 3 -4 1 0 -1 0 -3 -3 2 -2 -3 -2 0 1 -4 -2 -2 
643 -1 1 3 2 -6 0 1 0 -2 -2 -3 0 -3 -3 2 1 0 -6 -2 -1 
644 -2 -8 -3 -6 -5 -3 -6 -7 -7 3 5 -7 1 -1 -3 0 -1 -9 -1 2 
645 -2 0 -3 0 -6 -5 -6 -7 0 -3 -2 -5 -7 0 7 -1 -1 -10 1 -1 
646 -1 -5 -3 -2 -6 -3 -3 -1 -5 2 0 -6 -2 4 4 2 -2 -3 2 0 
647 -1 -5 2 1 -5 0 -1 -3 -2 -1 -2 -6 -2 2 0 4 0 -2 3 -2 
648 -6 0 -1 4 -10 2 5 -7 -3 -5 0 1 -4 -1 -8 -4 -5 -7 -1 -6 
649 -1 5 2 -3 -10 4 -2 -5 -1 -7 0 1 -1 -5 -3 -2 -2 -2 -2 -5 
650 -6 -6 -3 -12 -4 -5 -8 -11 -6 0 0 -6 0 9 -12 -6 -7 -5 4 -4 
651 -1 0 -3 -5 -6 -1 -4 -1 -3 -4 -3 -5 -4 5 -6 2 1 -3 6 -2 
652 3 -9 -6 -10 -4 -8 -9 -4 -8 4 4 -6 2 -1 -5 -1 -2 -6 -5 1 
653 -6 -10 -5 -6 -12 -12 -11 8 -9 -12 -11 -12 -13 -13 -9 -4 -4 -12 -10 -9 
654 -6 -9 -1 -1 -12 -8 -6 8 -11 -10 -11 -8 -12 -10 -4 -2 -7 -12 -10 -11 
655 1 1 -2 2 -5 -1 -1 -1 -3 0 -1 -4 0 1 3 1 -1 -1 0 -2 
656 -4 1 5 0 -5 1 -3 2 -1 -7 -3 -4 -3 -1 -4 1 1 1 3 -7 
657 -2 -4 1 0 -4 -3 -4 0 -2 -4 -3 -5 0 -1 -6 5 3 -7 -3 -6 
658 -5 -8 -3 -9 -5 -6 -9 -2 -6 3 3 -9 1 -2 -8 -7 -6 -6 -8 6 
659 -6 9 -7 -8 -8 -6 -7 -8 -7 -8 -5 -3 -5 -8 -5 -1 -7 -3 -7 -7 
660 1 -9 -5 -8 -11 -8 -9 7 -8 -11 -10 -9 -6 -7 -10 -5 -7 -11 -8 -9 
661 -8 -6 -5 -8 -9 -5 -11 -12 -2 -5 -5 -8 -7 7 -10 -8 -7 5 8 -6 
662 0 2 0 3 -7 0 2 0 -1 -6 -4 1 -5 -4 2 0 -2 -7 -1 -5 
663 -1 -1 1 0 -7 1 1 0 -3 -1 -1 -3 0 0 0 0 -1 -2 5 -1 
664 -2 3 4 1 -4 3 1 3 -2 -7 -5 -1 -4 -4 -5 0 -4 -5 0 -6 
665 -1 -1 0 -1 -4 1 2 2 -4 -4 -3 -3 -2 -2 -6 4 2 -6 -1 -2 
666 -1 -3 -4 -5 -4 -1 -4 -3 -3 4 4 -4 -1 0 -4 -4 -3 -3 -2 2 
667 -1 -3 -2 -3 -3 -3 -3 5 -3 -1 -1 -3 -2 -2 -4 2 -1 -3 -2 -2 
668 0 -3 -2 -4 -3 -3 -3 2 -3 -3 -3 -3 -4 -3 7 -1 -1 -4 -3 -1 
669 -1 3 0 0 -2 1 0 1 0 -2 -2 2 -2 1 -2 -1 -1 -2 -1 -2 
670 0 0 0 0 0 0 0 0 0 0 0 0 0 -1 0 1 0 0 0 0 
671 0 0 0 0 0 0 0 0 0 0 0 0 0 1 0 0 0 0 1 0 
672 -1 -1 2 4 -2 0 0 0 0 -1 -2 -1 -2 -1 0 0 0 -2 0 -1 
673 0 0 0 0 -1 0 0 0 -1 0 -1 0 0 -1 1 1 0 -1 0 -1 
674 0 0 2 2 -1 0 0 0 -1 -1 -1 0 -2 -1 -1 1 1 -2 0 -1 
675 -1 -1 1 1 -2 -1 -1 4 -2 -2 -2 -1 -2 -1 -1 0 -1 -2 -2 -2 
676 0 -1 1 4 -2 0 1 -1 -1 -1 -1 0 -2 -2 -2 0 0 -1 0 -1 
677 0 0 0 0 -1 0 0 0 0 0 0 0 0 0 0 0 0 0 0 0 
678 0 0 0 0 0 0 0 0 0 0 0 0 0 0 0 0 0 0 0 0 
679 1 -1 0 -1 -1 -1 0 -2 -1 0 0 -1 -1 1 1 1 0 -1 1 0 
680 -1 0 0 -2 -4 2 -3 -3 -2 3 2 -2 -1 1 -4 -1 0 -4 1 2 
681 -1 -2 -3 -5 -5 -3 -3 6 -2 -3 -3 -3 -1 -3 -1 1 0 -5 -3 -3 
682 1 -3 -4 -3 -5 -4 -5 7 -5 -6 -6 -5 -5 -4 -5 -3 -3 -2 -5 -4 
683 -3 3 4 5 -7 -2 0 -5 -4 -4 -2 0 -4 -3 -4 -1 0 -6 0 -3 
684 1 1 2 -2 -4 -1 -2 -3 0 1 -1 1 1 0 -6 2 0 1 2 0 
685 -2 1 -6 -7 -3 -2 -4 2 -4 -1 2 1 4 2 -7 -2 -4 -4 5 -2 
686 2 -4 1 -5 -6 -4 -7 -3 -4 1 2 -8 1 3 -9 -4 -2 6 2 2 
687 1 -1 -1 -2 -4 -1 1 -2 -4 0 1 0 -2 -1 -7 -2 2 -4 3 2 
688 3 -3 -4 -5 -4 -5 -7 3 -5 -1 2 -7 0 2 -8 -2 0 3 -2 0 
689 -2 2 4 -5 -6 0 -4 1 -4 -5 -6 -2 -3 -3 -7 5 2 -8 -6 -4 
690 3 -6 2 -7 -5 -4 -6 -3 -4 1 3 -6 0 1 -5 -3 0 -1 -3 2 
691 -5 -4 -2 0 -7 -1 7 -4 0 -7 -7 -4 -6 -7 -7 -2 -2 -7 -7 -6 
692 -1 -6 -5 -5 -6 -5 -7 -6 -5 1 4 -6 0 1 -6 -5 -5 1 6 1 
693 -2 6 0 -2 -10 3 -2 -4 -2 0 -1 -4 -2 -2 -9 0 -2 0 0 -4 
694 -2 0 -4 -9 -5 -1 -7 -4 2 0 -1 -4 0 5 -4 -2 0 4 6 0 
695 -3 2 0 0 -7 0 -2 -4 0 -5 -4 0 -4 -4 6 -1 -1 0 1 -5 
696 -4 -4 -2 -5 -6 -5 -7 -6 -5 4 4 -6 1 4 -2 -4 0 -1 -4 2 
697 -1 -2 0 -2 -6 -2 -4 0 -3 0 0 -1 -1 2 4 -1 1 1 0 -1 
698 -1 1 0 -1 -2 0 -1 1 -1 0 1 -1 -1 3 -1 0 -1 2 0 0 
699 0 0 0 0 -1 0 0 0 -1 0 0 0 0 0 0 0 0 0 0 0 
700 -1 -1 0 -1 -4 -1 0 2 -2 -2 -2 2 -2 -2 3 0 -2 1 -1 -2 
701 0 0 1 1 -2 1 1 0 -1 -1 -1 1 -1 0 1 0 0 -1 1 -1 
702 0 0 1 1 -2 0 1 0 0 -1 0 0 -1 0 0 0 0 0 -1 -1 
703 0 1 1 1 -2 0 0 0 0 -1 0 0 0 0 -1 1 0 0 0 -1 
704 -1 0 3 0 -4 1 -1 2 -1 -2 -3 2 -1 -2 1 1 1 -5 -2 -2 
705 -3 -9 -3 -9 -5 -3 -9 -7 -1 3 4 -8 0 3 -5 -5 -3 6 0 2 
706 -3 4 -2 -3 -7 3 -1 1 2 -6 -6 0 -4 -1 -6 -1 -1 4 5 -5 
707 1 -7 -8 -8 -6 -7 -8 3 -5 1 3 -8 0 1 1 -3 0 1 -5 1 
708 4 -3 -2 -6 -6 -2 -6 0 3 -2 -1 -5 -3 1 -7 1 -1 -7 3 2 
709 3 -7 -5 -7 -4 -6 -7 0 -7 1 2 -7 -1 2 1 -3 1 -1 -4 3 
710 -2 -6 -6 -8 -7 -8 -9 0 -4 -4 -5 -7 -6 9 -10 -1 -4 -4 -1 -5 
711 2 -8 -7 -9 -5 -8 -8 -2 -2 2 2 -9 -1 3 -6 -4 -1 1 3 4 
712 -5 -9 2 8 -5 -5 2 -6 -7 -9 -8 -9 -11 -11 -9 -4 -6 -12 -11 -8 
713 4 -3 -6 -8 -3 -2 -7 1 0 1 -2 -7 1 1 -7 -2 -1 0 4 1 
714 1 -9 -9 -10 -7 -8 -9 8 -9 -8 -8 -10 -9 -10 -9 -5 -9 -11 -8 -7 
715 -2 2 6 -2 -6 1 -2 -2 1 -4 -4 -1 -2 -2 -8 1 2 1 0 -3 
716 3 -7 -4 -1 -5 -5 -7 -2 -4 2 1 -7 -3 -5 -8 -2 -1 -8 -5 5 
717 -1 -1 -3 -2 -3 -3 -3 -1 -2 -3 -1 -3 -4 3 -8 0 -2 10 3 -2 
718 -1 -1 4 3 -7 -1 -1 2 -1 -4 -2 -1 -2 -3 -3 0 0 -6 -2 -4 
719 -2 0 3 2 -5 0 -1 -2 0 -1 0 0 -1 -2 -1 1 1 -3 -1 -1 
720 0 1 1 0 -1 0 0 0 1 -1 -1 1 -1 -1 0 0 0 -1 0 -1 
721 0 0 0 0 0 0 0 0 0 0 0 0 0 0 1 0 0 0 0 0 
722 0 0 0 0 -1 0 0 0 0 0 0 0 0 1 0 0 0 3 1 0 
723 0 0 2 3 -4 1 1 0 0 -2 -2 1 -3 -1 -1 1 0 -4 -2 -2 
724 0 0 0 0 0 0 0 0 0 0 0 0 0 0 0 0 0 0 1 0 
725 0 -1 1 2 -2 0 0 1 0 -2 -1 0 -2 -2 0 1 1 -2 -1 -1 
726 0 0 1 0 -1 1 1 0 -1 0 0 0 -1 -1 0 0 0 -1 -1 0 
727 0 0 0 0 -1 0 0 0 -1 -1 -1 0 -1 -1 4 0 0 -1 0 -1 
728 0 0 1 0 -1 0 0 2 0 -1 -1 0 -1 -1 -1 0 0 0 -1 -1 
729 0 0 0 0 0 0 0 0 0 0 0 0 0 0 0 0 0 0 0 0 
730 0 0 0 0 0 0 0 0 0 0 0 0 0 0 1 0 0 0 0 0 
731 0 0 0 0 0 0 0 0 0 0 0 0 0 0 1 0 0 0 0 0 
732 0 0 0 0 0 0 0 0 0 0 0 0 0 0 0 0 0 0 0 0 
733 0 0 0 0 0 0 0 0 0 0 0 0 0 0 0 0 0 0 0 0 
734 0 0 0 0 0 0 0 -1 -1 0 1 0 0 1 0 0 0 1 0 0 
735 0 1 1 1 -2 0 0 0 -1 -2 -2 1 -2 0 2 1 0 -2 -1 -1 
736 -2 0 3 4 -5 1 1 0 0 -3 -4 0 -4 -3 -1 0 0 -3 -3 -3 
737 -1 -2 -1 -2 -3 -2 -2 -1 -2 0 1 -2 -1 5 -1 -1 -1 3 4 -1 
738 0 0 0 0 0 0 0 0 0 0 0 0 0 0 0 0 0 0 0 0 
739 0 0 0 0 0 0 0 0 0 0 0 0 0 0 1 0 0 0 0 0 
740 0 0 0 0 0 0 0 0 0 0 0 0 0 0 1 0 0 0 0 0 
741 0 0 0 0 0 0 0 0 0 0 0 0 0 0 0 0 0 0 0 0 
742 0 0 0 0 0 0 0 0 0 0 0 0 0 2 0 0 0 0 0 0 
743 -2 0 3 3 -3 0 0 0 -1 -2 0 1 -2 -1 -2 1 0 0 -2 -2 
744 0 0 -1 0 -2 0 -1 -1 -1 -1 1 -1 -1 1 2 0 0 -1 1 -1 
745 -1 0 2 1 -3 0 0 2 1 -2 -3 1 -1 1 1 2 -1 -3 -2 -3 
746 -2 1 2 3 -3 2 2 1 0 -3 -3 1 -4 -3 -1 0 0 -4 -2 -3 
747 -3 -1 -2 -2 -4 -1 -4 -5 0 2 2 -2 3 2 1 -1 1 3 1 -1 
748 1 5 -4 -5 -4 -4 -5 0 0 0 3 2 -1 -3 -6 -2 -6 -6 1 -3 
749 2 -1 -3 -4 -4 -1 -6 -3 0 0 -1 -2 1 0 -5 2 1 3 3 2 
750 1 -10 -5 -2 -5 -8 -10 5 -10 -11 -10 -10 -11 -10 -10 5 -3 -11 -6 -6 
751 4 -9 -5 -8 -3 -8 -9 -1 -6 0 -3 -8 -3 -1 -4 -2 2 1 4 3 
752 -1 -9 -8 -9 -11 -6 -9 7 -9 -9 -9 -11 -11 -11 -11 0 -5 -12 -7 -2 
753 1 -9 -10 -10 -5 -9 -10 -3 -10 3 3 -10 -1 3 -7 -6 -3 -5 -4 4 
754 -2 -6 -5 -7 -8 -5 -3 7 -9 -12 -10 -8 -8 -1 -11 -1 -5 -11 -2 -10 
755 0 -9 -10 -10 -8 -9 -9 -5 -10 3 5 -10 0 1 -10 -8 -4 -4 0 4 
756 -2 7 -2 -3 -6 1 -4 0 -1 -2 -3 -1 -2 -3 -9 0 -1 -9 -4 -1 
757 -2 -8 -8 -11 -6 -9 -10 0 -6 1 1 -8 0 2 -11 -6 -4 9 5 1 
758 0 1 2 3 -5 1 -1 -2 -2 0 -1 0 0 1 -2 -1 -1 -3 1 -1 
759 -3 -4 -3 -4 -7 -3 -6 -3 1 -1 1 -4 1 1 -4 4 4 0 -2 -1 
760 -2 -1 0 0 -7 -1 -4 -1 -3 -3 -4 0 -1 -1 7 0 -3 -2 -5 -5 
761 -2 -2 -1 -2 -6 -3 -6 -2 0 3 1 -3 2 4 -5 -4 -4 0 2 2 
762 0 -4 -5 -6 -6 -4 -6 6 -5 -3 -1 -5 -5 3 -5 -5 -6 1 -1 -3 
763 -2 1 0 -3 -8 -1 -5 -4 -1 -1 -1 -5 0 -3 6 0 -2 -3 -4 1 
764 0 -9 -10 -11 -5 -7 -10 -4 -10 5 4 -10 2 3 -10 -6 -4 -4 -4 2 
765 -3 6 1 0 -7 0 1 0 0 -5 -7 0 -2 -4 -8 1 -2 -10 -1 -2 
766 0 -10 -10 -10 -5 -10 -10 -4 -10 2 4 -10 -1 5 -9 -9 -6 -4 1 2 
767 -2 -8 2 7 -7 -4 0 -1 -6 -4 -8 -4 -5 -2 -9 2 0 -8 -2 -5 
768 -1 -8 -10 -11 -5 -8 -9 -4 -4 1 2 -9 0 4 -9 -8 -5 5 6 2 
769 5 -9 -6 -6 1 -6 -8 5 -8 -6 -10 -8 -7 -7 -6 1 -3 -10 -8 -5 
770 -3 1 -3 -7 -6 -1 -5 -7 2 2 -1 1 2 2 -8 -5 0 5 5 1 
771 1 -2 1 -4 -7 -4 -8 2 -7 -3 -7 0 -9 -8 7 0 -3 -7 -6 -4 
772 -2 -5 -2 -2 -5 -3 -3 -6 -1 3 5 -5 0 2 -2 -4 -2 -2 -4 1 
773 -1 1 2 2 -4 0 -1 0 2 -1 -3 2 -2 -2 -4 0 0 -1 1 0 
774 0 1 1 3 -4 -1 -1 -1 -1 -4 -3 4 -4 -2 0 0 0 -5 0 -1 
775 -1 1 0 0 -3 1 1 -1 -1 -2 -2 1 -3 -2 5 -1 -1 -3 0 -1 
776 1 0 0 3 -3 0 2 -1 -2 -2 -3 0 -2 -2 2 1 -1 -2 0 -2 
777 -1 -1 1 1 -4 -1 -1 4 1 -3 -2 -1 -4 -1 -2 0 0 -1 1 -2 
778 -1 -1 0 6 -4 0 1 -1 0 -3 -3 -1 -3 0 -2 -1 0 -4 -2 -2 
779 -1 3 1 3 -5 1 0 2 1 -3 -4 2 -4 -5 -1 1 -2 -5 -2 -3 
780 -1 1 0 1 -3 0 1 0 0 0 -2 1 -3 -3 0 1 2 -3 -2 -1 
781 -1 0 -1 -1 -3 2 0 0 0 -1 -1 1 -1 1 1 0 -1 3 0 0 
782 -1 4 1 -4 -6 3 -1 1 -1 -2 -4 0 -3 -2 -3 -1 1 -7 -3 0 
783 -3 -9 -9 -10 -4 -9 -9 -6 -6 3 3 -9 -3 7 -4 -6 -2 3 -2 2 
784 -4 -1 0 -4 -8 4 -2 0 6 -6 -4 -5 -5 1 -9 -1 -2 3 6 -6 
785 -4 -10 -11 -11 -7 -10 -10 -8 -8 2 2 -10 -2 8 -9 -9 -7 -1 -1 1 
786 -2 1 3 -4 -6 2 -4 3 -4 -1 -5 -5 -2 -2 -7 4 1 -8 -5 -3 
787 -1 -8 -9 -9 -8 -8 -9 -4 -9 5 4 -8 3 3 -9 -7 -4 -5 -4 2 
788 -2 -3 0 -3 -9 -3 -5 7 -8 -6 -6 -3 -5 -8 -9 1 -2 -2 -5 -4 
789 0 0 -1 -4 -5 3 -1 -2 0 0 -2 0 0 1 0 -1 2 2 3 -1 
790 1 2 1 -1 -4 2 1 -2 -1 -3 -3 -1 -2 -1 -1 2 2 1 -1 -1 
791 -8 -10 -9 -11 -9 -8 -11 -9 -7 -3 -2 -11 -3 9 -9 -9 -9 3 2 -6 
